0.002895535668358
-0.002193009713665
-0.007168309763074
-0.000779082765803
-0.007074123248458
0.001839723903686
-0.000521276961081
-0.006789329927415
-0.005166683811694
-0.002092313254252
0.005091510247439
0.001949402270839
0.008087207563221
0.004819243215024
0.000743764685467
0.001173797412775
-0.004435623530298
0.007358741946518
0.001406371942721
-0.004167058970779
0.000442570832092
0.005160071421415
-0.000899545382708
0.004525373224169
0.004013033583760
-0.002431362401694
-0.002856794977561
0.000822940550279
0.003856786061078
-0.004687501583248
-0.000932939001359
-0.004251777194440
-0.001995479920879
-0.016151390969753
0.003100445726886
-0.000568232906517
-0.010524109005928
-0.004537445493042
0.010183137841523
0.013180701993406
-0.007808371912688
0.000541294808500
-0.015731459483504
-0.001944516319782
-0.010212249122560
-0.004858830478042
-0.009249508380890
-0.002706566359848
-0.003125286893919
-0.005299768410623
-0.012648756615818
0.011518716812134
-0.010172564536333
0.017777904868126
-0.002007247181609
-0.003067317651585
-0.000059508318373
0.012743141502142
0.012720005586743
0.014624294824898
-0.000317112135235
-0.006312870420516
0.004653181880713
-0.009727690368891
0.000606433313806
-0.000017717067749
-0.001002767588943
0.000174316635821
0.013372980058193
-0.001252148766071
-0.000075938085502
-0.001703981426544
0.001124908099882
-0.000456295296317
0.003539623692632
0.002038809470832
-0.009604123421013
0.004242445342243
0.005017203278840
0.003508984809741
-0.000585786998272
0.012588921003044
0.008435433730483
-0.012511130422354
0.001536401803605
-0.004134990740567
0.003499542828649
-0.003980142064393
0.001227961271070
0.007846391759813
-0.018405295908451
0.020308958366513
-0.012716959230602
-0.001641294918954
-0.008239216171205
-0.020770542323589
-0.007204954512417
-0.011116347275674
0.005555589217693
-0.012302960269153
0.001562635530718
0.017602670937777
-0.001902085728943
-0.000283078115899
0.001852898392826
-0.002880255924538
-0.008364083245397
0.027033641934395
-0.016926873475313
-0.002839044667780
0.002852273406461
0.007504567503929
-0.274610251188278
-0.237314522266388
0.196926042437553
-0.146425276994705
-0.298675388097763
0.321618676185608
-0.265340834856033
-0.277082502841949
0.041624024510384
0.218135684728622
-0.128582417964935
0.267712295055389
0.251559168100357
-0.295758485794067
-0.183420568704605
-0.193384692072868
-0.002594518475235
0.000101112105767
0.003979267086834
-0.003516214899719
-0.003440462518483
0.004950311034918
-0.000787082186434
0.002937386510894
-0.003277499228716
0.000908903719392
-0.000409784755902
0.004565721843392
0.001200988888741
0.000505697913468
-0.002743337769061
0.001923264469951
-0.007580957375467
-0.005074077751487
-0.000847293878905
-0.003025304758921
-0.001346717588603
-0.001338723581284
0.000397536583478
0.004046155605465
0.000840981665533
0.001190674724057
0.002128508640453
0.000033690557757
-0.001382770482451
0.004678228404373
-0.001374035608023
-0.001206324435771
