0.001037597656
-0.004577636719
-0.01014709473
-0.003051757812
-0.0100402832
-7.629394531e-05
-0.002807617188
-0.009811401367
-0.007995605469
-0.004547119141
0.003479003906
-4.577636719e-05
0.006851196289
0.003173828125
-0.001419067383
-0.0008697509766
-0.00634765625
0.005722045898
-0.0007171630859
-0.005996704102
-0.001419067383
0.003311157227
-0.002868652344
0.002624511719
0.002075195312
-0.004501342773
-0.005020141602
-0.001220703125
0.002212524414
-0.00651550293
-0.002868652344
-0.006530761719
-0.008392333984
-0.02476501465
-0.001586914062
-0.004852294922
-0.0173034668
-0.01138305664
0.01179504395
0.01338195801
-0.01541137695
-0.004638671875
-0.02435302734
-0.006271362305
-0.01626586914
-0.01057434082
-0.01477050781
-0.004379272461
-0.005859375
-0.008682250977
-0.01651000977
0.009353637695
-0.01388549805
0.0158996582
-0.004653930664
-0.006408691406
-0.002593994141
0.01054382324
0.01065063477
0.01246643066
-0.003631591797
-0.009872436523
0.002212524414
-0.0133972168
-0.001373291016
-0.002151489258
-0.002883911133
-0.001739501953
0.01092529297
-0.003189086914
-0.001998901367
-0.00358581543
-0.0008087158203
-0.002426147461
0.001373291016
-3.051757812e-05
-0.01119995117
0.002243041992
0.002883911133
0.001373291016
-0.003631591797
0.01104736328
0.005859375
-0.01748657227
-0.001373291016
-0.008392333984
0.0007934570312
-0.008148193359
-0.002532958984
0.005615234375
-0.02406311035
0.01931762695
-0.01773071289
-0.005554199219
-0.01287841797
-0.02690124512
-0.01068115234
-0.0146484375
0.002471923828
-0.01573181152
-0.001403808594
0.01519775391
-0.005081176758
-0.00341796875
-0.001373291016
-0.006210327148
-0.01171875
0.02481079102
-0.02062988281
-0.006011962891
0.0001068115234
0.00471496582
-0.2776184082
-0.2421417236
0.1921539307
-0.1494293213
-0.3012084961
0.3158111572
-0.2694549561
-0.278427124
0.03871154785
0.21534729
-0.1330108643
0.2652130127
0.2461090088
-0.2996520996
-0.186416626
-0.1972045898
-0.004470825195
-0.001617431641
0.002548217773
-0.005661010742
-0.00537109375
0.00358581543
-0.002426147461
0.00146484375
-0.005172729492
-0.0008239746094
-0.00227355957
0.003265380859
-0.0005035400391
-0.001083374023
-0.004730224609
0.0003509521484
-0.01129150391
-0.008163452148
-0.003021240234
-0.005676269531
-0.003616333008
-0.003707885742
-0.001495361328
0.002914428711
-0.001022338867
-0.00048828125
0.0007019042969
-0.001815795898
-0.003616333008
0.00373840332
-0.003631591797
-0.003524780273
