-0.000334056909196
0.020088531076908
-0.046887166798115
0.010318576358259
-0.032820649445057
0.026640014722943
0.008815807290375
0.007757574785501
-0.038733292371035
0.004838440101594
-0.018332073464990
0.017051497474313
0.037316232919693
-0.003652367740870
0.020690128207207
-0.023176738992333
-0.333541840314865
0.327370941638947
0.130389884114265
-0.345941394567490
-0.000279105268419
0.276925891637802
-0.055343307554722
0.332971394062042
0.358161449432373
0.038595180958509
0.129065334796906
0.046916387975216
0.165867745876312
-0.357520073652267
-0.090570114552975
-0.047777738422155
-0.008297750726342
-0.031795997172594
-0.023988714441657
0.000334547483362
-0.009946393780410
-0.017568118870258
0.007910802960396
-0.000544921203982
0.007020803168416
-0.010533152148128
0.006306861992925
-0.011749290861189
-0.009653110057116
0.015733625739813
-0.014949325472116
0.013327972963452
0.007595254108310
0.008681632578373
0.019260596483946
-0.033096775412560
0.007269639521837
0.012914485298097
-0.003782619489357
-0.004422072321177
-0.010680095292628
-0.025324469432235
0.011268361471593
0.010618683882058
0.001691524055786
-0.006982691120356
0.000558942498174
-0.019731564447284
0.009920047596097
0.007426145020872
0.009703836403787
-0.006256175227463
-0.002728514140472
0.009112838655710
-0.010923679918051
-0.011752264574170
-0.000767916091718
0.004372561350465
-0.000094790098956
0.006896254606545
0.011274749413133
-0.015697209164500
-0.003888252191246
0.011419592425227
0.009304761886597
0.013081875629723
0.002090658992529
-0.028616370633245
0.017341852188110
-0.015005595050752
-0.002778862137347
-0.019293403252959
-0.013857026584446
0.023303689435124
-0.020945927128196
0.011282082647085
-0.026217227801681
-0.025408983230591
-0.021742591634393
-0.042445674538612
0.011115561239421
0.006615986116230
0.013492929749191
-0.001526077976450
-0.001110997051001
-0.012740976177156
0.002579117193818
0.002780403010547
-0.000224738731049
0.018738310784101
0.002122577978298
0.008054104633629
-0.014646999537945
-0.003416280029342
0.002683439990506
0.001579021569341
0.006760830990970
0.002765126060694
0.005110485013574
0.011249923147261
-0.011575914919376
0.016729090362787
-0.002476394874975
-0.011221991851926
-0.008349273353815
0.005435904953629
-0.003425038652495
-0.015197383239865
0.001138304010965
0.010834074579179
0.011782456189394
-0.005484856199473
-0.012507874518633
0.009130014106631
0.006199375726283
0.003431326942518
-0.009868221357465
0.003583501791582
0.000817331660073
0.009968995116651
-0.012710820883512
-0.005547071341425
-0.002688719658181
0.012668599374592
0.007623697165400
-0.013506853953004
0.010973446071148
0.006770606618375
-0.010001453571022
-0.028434660285711
-0.001925837248564
0.008292508311570
-0.012070259079337
-0.012478432618082
-0.002718281699345
-0.008859760127962
-0.004097040742636
0.007013591937721
-0.022795656695962
0.011356501840055
0.006219970528036
-0.014743071049452
0.024716990068555
-0.008592345751822
