-0.004592895508
0.01617431641
-0.0514831543
0.006317138672
-0.037109375
0.02293395996
0.004653930664
0.003555297852
-0.04336547852
0.0005645751953
-0.02261352539
0.01315307617
0.03349304199
-0.008026123047
0.01676940918
-0.02746582031
-0.3376464844
0.3245391846
0.1264343262
-0.3498840332
-0.003829956055
0.2736358643
-0.05917358398
0.3297424316
0.3550415039
0.0350189209
0.1256561279
0.04293823242
0.1629486084
-0.3615722656
-0.09446716309
-0.05201721191
-0.01542663574
-0.04093933105
-0.03286743164
-0.003707885742
-0.01538085938
-0.02589416504
0.007781982422
-0.004470825195
0.002166748047
-0.01745605469
0.002731323242
-0.01779174805
-0.01438903809
0.01338195801
-0.02027893066
0.01370239258
0.004516601562
0.00602722168
0.01734924316
-0.03872680664
0.004577636719
0.009811401367
-0.007736206055
-0.007919311523
-0.0149230957
-0.03047180176
0.008102416992
0.007476806641
-0.001327514648
-0.01043701172
-0.003173828125
-0.02377319336
0.007263183594
0.004669189453
0.007049560547
-0.00862121582
-0.005401611328
0.006469726562
-0.01329040527
-0.01405334473
-0.00309753418
0.001754760742
-0.002731323242
0.004165649414
0.008773803711
-0.01791381836
-0.006454467773
0.008712768555
0.006683349609
0.01123046875
-0.002288818359
-0.03645324707
0.01541137695
-0.02160644531
-0.006744384766
-0.02616882324
-0.02033996582
0.02180480957
-0.02812194824
0.008895874023
-0.03381347656
-0.03262329102
-0.02897644043
-0.05213928223
0.008193969727
0.003860473633
0.01049804688
-0.003845214844
-0.003387451172
-0.01458740234
7.629394531e-05
0.0001983642578
-0.002716064453
0.01556396484
-0.0003509521484
0.005340576172
-0.01649475098
-0.005661010742
0.0002746582031
-0.0007934570312
0.003814697266
-0.0003509521484
0.002746582031
0.008590698242
-0.01473999023
0.01475524902
-0.005630493164
-0.01432800293
-0.01098632812
0.003433227539
-0.006408691406
-0.01739501953
-0.001235961914
0.007781982422
0.008941650391
-0.00846862793
-0.01512145996
0.006652832031
0.003509521484
0.0005950927734
-0.01245117188
0.0009002685547
-0.001525878906
0.007446289062
-0.01533508301
-0.008377075195
-0.005493164062
0.01022338867
0.004928588867
-0.01600646973
0.008377075195
0.004196166992
-0.01402282715
-0.0345916748
-0.005966186523
0.005996704102
-0.01686096191
-0.01750183105
-0.006652832031
-0.01354980469
-0.008285522461
0.004699707031
-0.02836608887
0.009490966797
0.003753662109
-0.01972961426
0.02369689941
-0.01319885254
