-0.003925593104213
0.004690216854215
-0.005163199733943
0.001232915907167
0.008614051155746
-0.007119640242308
-0.000492769351695
-0.008412985131145
0.001695533166640
-0.011255769990385
-0.005706368945539
-0.001706402050331
0.002497248817235
0.003113609738648
0.004336812533438
-0.012066262774169
-0.000149030805915
-0.004204390570521
0.015493000857532
-0.007148906588554
0.005579494405538
0.001956080552191
0.004387974273413
0.005493537057191
0.006786616053432
0.000104371902125
0.005930127575994
0.013984873890877
-0.003845874918625
-0.008305097930133
0.000471872073831
0.009582726284862
0.004723791033030
-0.000520224333741
-0.000767597870436
0.007003469858319
0.015265170484781
-0.008294700644910
-0.005579158198088
0.019124615937471
-0.001720432075672
-0.002260755514726
0.001854391535744
0.017427371814847
-0.013296746648848
-0.004920989740640
-0.000876294041518
0.001073214225471
0.003675426589325
-0.006006197538227
-0.002021714812145
0.001979082124308
-0.002272824058309
-0.012190397828817
0.000730310392100
-0.002337116748095
-0.008101912215352
-0.005060828290880
-0.008593502454460
0.007197012659162
-0.002494306536391
-0.009544773027301
0.001230697380379
-0.005507652647793
-0.297692775726318
0.128649279475212
-0.274990022182465
-0.088785134255886
0.116583138704300
-0.314485669136047
0.341305941343307
0.319433301687241
0.381954848766327
-0.290389448404312
0.071428760886192
-0.232059404253960
0.072886891663074
0.223586082458496
0.012573904357851
-0.051897767931223
0.002154864370823
0.007542370352894
0.000324878637912
-0.002149211009964
0.004949423950166
-0.012931304052472
-0.000278067658655
-0.003215055214241
-0.010288428515196
-0.005668792407960
-0.008560196496546
0.012408426962793
-0.008423068560660
-0.003192631062120
-0.015411514788866
-0.016748590394855
0.024363651871681
-0.028728000819683
0.017701761797071
-0.027256449684501
0.031248899176717
0.018736597150564
-0.037772692739964
-0.043116729706526
0.008414484560490
-0.026543488726020
0.024564279243350
0.040483348071575
-0.007744388654828
0.016860870644450
-0.006629994604737
0.028352292254567
-0.017638489603996
0.018941838294268
-0.011486665345728
-0.008172199130058
0.011275713331997
-0.005820489954203
0.011815622448921
-0.000910225964617
0.003065991215408
-0.002072201343253
0.013907144777477
-0.004068376030773
0.009415155276656
0.008924185298383
-0.002630552975461
0.004167926963419
0.001599509501830
0.001389566343278
0.005590312182903
-0.001395132392645
0.002899935934693
0.012414159253240
-0.009026271291077
-0.005188202019781
0.003965856507421
0.003721883753315
-0.000109231608803
-0.005956555251032
0.000227892160183
0.008605806156993
-0.002041178056970
-0.001584328943864
0.001595330424607
-0.009292808361351
-0.002075094962493
0.005203064996749
0.001528104767203
0.002116407034919
-0.006261088419706
0.012112616561353
0.010195039212704
0.002280759392306
-0.022197909653187
-0.001145581714809
0.000157188085723
-0.000198526497115
0.002796325832605
-0.005060339812189
