-0.007263183594
0.002777099609
-0.008483886719
-0.00129699707
0.007446289062
-0.01081848145
-0.003341674805
-0.01254272461
-0.0006866455078
-0.01579284668
-0.009155273438
-0.004638671875
0.0001831054688
0.0008697509766
0.00227355957
-0.01651000977
-0.002197265625
-0.006118774414
0.01167297363
-0.008514404297
0.002807617188
-0.0005950927734
0.001815795898
0.002578735352
0.003753662109
-0.002166748047
0.003204345703
0.01037597656
-0.005706787109
-0.009582519531
-0.001846313477
0.006378173828
0.001434326172
-0.00358581543
-0.003936767578
0.004104614258
0.01226806641
-0.01148986816
-0.007598876953
0.01626586914
-0.005004882812
-0.005401611328
-0.001190185547
0.01443481445
-0.01586914062
-0.007858276367
-0.003509521484
-0.0009918212891
0.00178527832
-0.01005554199
-0.005096435547
-0.0005645751953
-0.005493164062
-0.01765441895
-0.001953125
-0.005615234375
-0.01274108887
-0.009140014648
-0.01335144043
0.006057739258
-0.005798339844
-0.01438903809
-0.001327514648
-0.009399414062
-0.3018341064
0.1237182617
-0.2790679932
-0.09216308594
0.1117401123
-0.3184509277
0.3377685547
0.3158874512
0.3784790039
-0.2945556641
0.06703186035
-0.2364807129
0.06962585449
0.220413208
0.00846862793
-0.05619812012
-0.0001983642578
0.006561279297
-0.003021240234
-0.006393432617
0.003280639648
-0.01954650879
-0.003082275391
-0.007705688477
-0.01640319824
-0.00959777832
-0.01419067383
0.01232910156
-0.01393127441
-0.007751464844
-0.02249145508
-0.02442932129
0.01968383789
-0.03340148926
0.01292419434
-0.0318145752
0.02700805664
0.01446533203
-0.04243469238
-0.04779052734
0.003662109375
-0.03121948242
0.02014160156
0.03591918945
-0.0124206543
0.01248168945
-0.01075744629
0.02415466309
-0.02040100098
0.01516723633
-0.01373291016
-0.01100158691
0.007781982422
-0.008087158203
0.008178710938
-0.003982543945
0.0002746582031
-0.004287719727
0.01048278809
-0.006164550781
0.006637573242
0.005386352539
-0.005615234375
0.0009155273438
-0.0004577636719
-0.0007781982422
0.003341674805
-0.003723144531
0.0008239746094
0.01022338867
-0.01094055176
-0.007354736328
0.001922607422
0.001403808594
-0.00244140625
-0.008071899414
-0.002014160156
0.006591796875
-0.004241943359
-0.003799438477
-0.0009002685547
-0.01266479492
-0.005065917969
0.003112792969
-0.001098632812
-0.0006256103516
-0.009475708008
0.0100402832
0.007965087891
-4.577636719e-05
-0.02645874023
-0.003692626953
-0.002288818359
-0.002944946289
0.0003509521484
-0.008346557617
