0.000000000000000
0.000000000000000
0.000000000000000
0.000000000000000
0.000000000000000
0.000000000000000
0.000000000000000
0.000000000000000
0.000000000000000
0.000000000000000
0.000000000000000
0.000000000000000
0.000000000000000
0.000000000000000
0.000000000000000
0.000000000000000
0.000000000000000
0.000000000000000
0.000000000000000
0.000000000000000
0.000000000000000
0.000000000000000
0.000000000000000
0.000000000000000
0.000000000000000
0.000000000000000
0.000000000000000
0.000000000000000
0.000000000000000
0.000000000000000
0.000000000000000
0.000000000000000
0.000000000000000
0.000000000000000
0.000000000000000
0.000000000000000
0.000000000000000
0.000000000000000
0.000000000000000
0.000000000000000
0.000000000000000
0.000000000000000
0.000000000000000
0.000000000000000
0.000000000000000
0.000000000000000
0.000000000000000
0.000000000000000
0.000000000000000
0.000000000000000
0.000000000000000
0.000000000000000
0.000000000000000
0.000000000000000
0.000000000000000
0.000000000000000
0.000000000000000
0.000000000000000
0.000000000000000
0.000000000000000
0.000000000000000
0.000000000000000
0.000000000000000
0.000000000000000
0.000000000000000
0.000000000000000
0.000000000000000
0.000000000000000
0.000000000000000
0.000000000000000
0.000000000000000
0.000000000000000
0.000000000000000
0.000000000000000
0.000000000000000
0.000000000000000
0.000000000000000
0.000000000000000
0.000000000000000
0.000000000000000
0.000000000000000
0.000000000000000
0.000000000000000
0.000000000000000
0.000000000000000
0.000000000000000
0.000000000000000
0.000000000000000
0.000000000000000
0.000000000000000
0.000000000000000
0.000000000000000
0.000000000000000
0.000000000000000
0.000000000000000
0.000000000000000
0.000000000000000
0.000000000000000
0.000000000000000
0.000000000000000
0.000000000000000
0.000000000000000
0.000000000000000
0.000000000000000
0.000000000000000
0.000000000000000
0.000000000000000
0.000000000000000
0.000000000000000
0.000000000000000
0.000000000000000
0.000000000000000
0.000000000000000
0.000000000000000
0.000000000000000
0.000000000000000
0.000000000000000
0.000000000000000
0.000000000000000
0.000000000000000
0.000000000000000
0.000000000000000
0.000000000000000
0.000000000000000
0.000000000000000
0.011764706112444
0.313725501298904
0.764705896377563
0.333333343267441
0.313725501298904
0.313725501298904
0.313725501298904
0.054901961237192
0.000000000000000
0.000000000000000
0.000000000000000
0.000000000000000
0.000000000000000
0.000000000000000
0.000000000000000
0.000000000000000
0.000000000000000
0.000000000000000
0.000000000000000
0.000000000000000
0.000000000000000
0.000000000000000
0.000000000000000
0.000000000000000
0.000000000000000
0.000000000000000
0.000000000000000
0.000000000000000
0.035294119268656
0.992156863212585
0.992156863212585
0.992156863212585
0.992156863212585
0.992156863212585
0.992156863212585
0.596078455448151
0.000000000000000
0.000000000000000
0.000000000000000
0.000000000000000
0.000000000000000
0.000000000000000
0.000000000000000
0.000000000000000
0.000000000000000
0.000000000000000
0.000000000000000
0.000000000000000
0.000000000000000
0.000000000000000
0.000000000000000
0.000000000000000
0.043137256056070
0.243137255311012
0.219607844948769
0.000000000000000
0.035294119268656
0.992156863212585
0.992156863212585
0.992156863212585
0.992156863212585
0.992156863212585
0.992156863212585
0.984313726425171
0.929411768913269
0.223529413342476
0.000000000000000
0.000000000000000
0.000000000000000
0.000000000000000
0.000000000000000
0.000000000000000
0.000000000000000
0.000000000000000
0.000000000000000
0.000000000000000
0.000000000000000
0.000000000000000
0.000000000000000
0.000000000000000
0.552941203117371
0.992156863212585
0.945098042488098
0.325490206480026
0.015686275437474
0.631372570991516
0.992156863212585
0.992156863212585
0.992156863212585
0.992156863212585
0.992156863212585
0.992156863212585
0.992156863212585
0.235294118523598
0.000000000000000
0.000000000000000
0.000000000000000
0.000000000000000
0.000000000000000
0.000000000000000
0.000000000000000
0.000000000000000
0.000000000000000
0.000000000000000
0.000000000000000
0.000000000000000
0.043137256056070
0.552941203117371
0.972549021244049
0.992156863212585
0.992156863212585
0.576470613479614
0.000000000000000
0.286274522542953
0.819607853889465
0.988235294818878
0.992156863212585
0.992156863212585
0.992156863212585
0.992156863212585
0.992156863212585
0.831372559070587
0.000000000000000
0.000000000000000
0.000000000000000
0.000000000000000
0.000000000000000
0.000000000000000
0.000000000000000
0.000000000000000
0.000000000000000
0.000000000000000
0.000000000000000
0.000000000000000
0.576470613479614
0.992156863212585
0.992156863212585
0.992156863212585
0.992156863212585
0.780392169952393
0.133333340287209
0.000000000000000
0.000000000000000
0.627451002597809
0.992156863212585
0.556862771511078
0.760784327983856
0.992156863212585
0.992156863212585
0.956862747669220
0.301960796117783
0.000000000000000
0.000000000000000
0.000000000000000
0.000000000000000
0.000000000000000
0.000000000000000
0.000000000000000
0.000000000000000
0.000000000000000
0.035294119268656
0.533333361148834
0.980392158031464
0.992156863212585
0.992156863212585
0.992156863212585
0.992156863212585
0.992156863212585
0.270588248968124
0.000000000000000
0.000000000000000
0.058823529630899
0.203921571373940
0.019607843831182
0.105882354080677
0.788235306739807
0.992156863212585
0.992156863212585
0.611764729022980
0.000000000000000
0.000000000000000
0.000000000000000
0.000000000000000
0.000000000000000
0.000000000000000
0.000000000000000
0.000000000000000
0.000000000000000
0.313725501298904
0.992156863212585
0.992156863212585
0.992156863212585
0.992156863212585
0.992156863212585
0.992156863212585
0.819607853889465
0.160784319043159
0.000000000000000
0.000000000000000
0.000000000000000
0.000000000000000
0.000000000000000
0.000000000000000
0.141176477074623
0.992156863212585
0.992156863212585
0.768627464771271
0.129411771893501
0.000000000000000
0.000000000000000
0.000000000000000
0.000000000000000
0.000000000000000
0.000000000000000
0.000000000000000
0.000000000000000
0.337254911661148
0.992156863212585
0.992156863212585
0.992156863212585
0.992156863212585
0.992156863212585
0.917647063732147
0.160784319043159
0.000000000000000
0.000000000000000
0.000000000000000
0.000000000000000
0.000000000000000
0.000000000000000
0.000000000000000
0.164705887436867
0.992156863212585
0.992156863212585
0.992156863212585
0.305882364511490
0.000000000000000
0.000000000000000
0.000000000000000
0.000000000000000
0.000000000000000
0.000000000000000
0.000000000000000
0.000000000000000
0.996078431606293
0.992156863212585
0.992156863212585
0.992156863212585
0.992156863212585
0.992156863212585
0.647058844566345
0.000000000000000
0.000000000000000
0.000000000000000
0.000000000000000
0.000000000000000
0.000000000000000
0.000000000000000
0.000000000000000
0.827450990676880
0.992156863212585
0.992156863212585
0.992156863212585
0.305882364511490
0.000000000000000
0.000000000000000
0.000000000000000
0.000000000000000
0.000000000000000
0.000000000000000
0.000000000000000
0.000000000000000
0.996078431606293
0.992156863212585
0.992156863212585
0.992156863212585
0.992156863212585
0.674509823322296
0.070588238537312
0.000000000000000
0.000000000000000
0.000000000000000
0.000000000000000
0.000000000000000
0.000000000000000
0.000000000000000
0.000000000000000
0.827450990676880
0.992156863212585
0.992156863212585
0.992156863212585
0.305882364511490
0.000000000000000
0.000000000000000
0.000000000000000
0.000000000000000
0.000000000000000
0.000000000000000
0.000000000000000
0.000000000000000
0.996078431606293
0.992156863212585
0.992156863212585
0.992156863212585
0.823529422283173
0.015686275437474
0.000000000000000
0.000000000000000
0.000000000000000
0.000000000000000
0.000000000000000
0.000000000000000
0.164705887436867
0.898039221763611
0.964705884456635
0.988235294818878
0.992156863212585
0.992156863212585
0.623529434204102
0.011764706112444
0.000000000000000
0.000000000000000
0.000000000000000
0.000000000000000
0.000000000000000
0.000000000000000
0.000000000000000
0.000000000000000
0.996078431606293
0.992156863212585
0.992156863212585
0.992156863212585
0.819607853889465
0.000000000000000
0.000000000000000
0.000000000000000
0.000000000000000
0.000000000000000
0.388235300779343
0.584313750267029
0.823529422283173
0.992156863212585
0.992156863212585
0.992156863212585
0.992156863212585
0.949019610881805
0.254901975393295
0.000000000000000
0.000000000000000
0.000000000000000
0.000000000000000
0.000000000000000
0.000000000000000
0.000000000000000
0.000000000000000
0.000000000000000
1.000000000000000
0.992156863212585
0.992156863212585
0.992156863212585
0.854901969432831
0.207843139767647
0.207843139767647
0.207843139767647
0.705882370471954
0.894117653369904
0.956862747669220
0.992156863212585
0.992156863212585
0.992156863212585
0.992156863212585
0.992156863212585
0.992156863212585
0.301960796117783
0.000000000000000
0.000000000000000
0.000000000000000
0.000000000000000
0.000000000000000
0.000000000000000
0.000000000000000
0.000000000000000
0.000000000000000
0.000000000000000
0.639215707778931
0.992156863212585
0.992156863212585
0.992156863212585
0.992156863212585
0.992156863212585
0.992156863212585
0.992156863212585
0.992156863212585
0.992156863212585
0.992156863212585
0.992156863212585
0.992156863212585
0.992156863212585
0.992156863212585
0.992156863212585
0.756862759590149
0.113725490868092
0.000000000000000
0.000000000000000
0.000000000000000
0.000000000000000
0.000000000000000
0.000000000000000
0.000000000000000
0.000000000000000
0.000000000000000
0.000000000000000
0.313725501298904
0.992156863212585
0.992156863212585
0.992156863212585
0.992156863212585
0.992156863212585
0.992156863212585
0.992156863212585
0.992156863212585
0.992156863212585
0.992156863212585
0.992156863212585
0.992156863212585
0.992156863212585
0.917647063732147
0.756862759590149
0.094117648899555
0.000000000000000
0.000000000000000
0.000000000000000
0.000000000000000
0.000000000000000
0.000000000000000
0.000000000000000
0.000000000000000
0.000000000000000
0.000000000000000
0.000000000000000
0.172549024224281
0.823529422283173
0.992156863212585
0.992156863212585
0.992156863212585
0.992156863212585
0.992156863212585
0.992156863212585
0.992156863212585
0.992156863212585
0.992156863212585
0.992156863212585
0.992156863212585
0.898039221763611
0.262745112180710
0.000000000000000
0.000000000000000
0.000000000000000
0.000000000000000
0.000000000000000
0.000000000000000
0.000000000000000
0.000000000000000
0.000000000000000
0.000000000000000
0.000000000000000
0.000000000000000
0.000000000000000
0.000000000000000
0.149019613862038
0.894117653369904
0.992156863212585
0.992156863212585
0.992156863212585
0.992156863212585
0.992156863212585
0.992156863212585
0.992156863212585
0.992156863212585
0.972549021244049
0.921568632125854
0.254901975393295
0.000000000000000
0.000000000000000
0.000000000000000
0.000000000000000
0.000000000000000
0.000000000000000
0.000000000000000
0.000000000000000
0.000000000000000
0.000000000000000
0.000000000000000
0.000000000000000
0.000000000000000
0.000000000000000
0.000000000000000
0.000000000000000
0.152941182255745
0.823529422283173
0.992156863212585
0.992156863212585
0.992156863212585
0.992156863212585
0.992156863212585
0.992156863212585
0.741176486015320
0.447058826684952
0.000000000000000
0.000000000000000
0.000000000000000
0.000000000000000
0.000000000000000
0.000000000000000
0.000000000000000
0.000000000000000
0.000000000000000
0.000000000000000
0.000000000000000
0.000000000000000
0.000000000000000
0.000000000000000
0.000000000000000
0.000000000000000
0.000000000000000
0.000000000000000
0.000000000000000
0.168627455830574
0.423529416322708
0.992156863212585
0.992156863212585
0.701960802078247
0.305882364511490
0.305882364511490
0.105882354080677
0.000000000000000
0.000000000000000
0.000000000000000
0.000000000000000
0.000000000000000
0.000000000000000
0.000000000000000
0.000000000000000
0.000000000000000
0.000000000000000
0.000000000000000
0.000000000000000
0.000000000000000
0.000000000000000
0.000000000000000
0.000000000000000
0.000000000000000
0.000000000000000
0.000000000000000
0.000000000000000
0.000000000000000
0.000000000000000
0.000000000000000
0.000000000000000
0.000000000000000
0.000000000000000
0.000000000000000
0.000000000000000
0.000000000000000
0.000000000000000
0.000000000000000
0.000000000000000
0.000000000000000
0.000000000000000
0.000000000000000
0.000000000000000
0.000000000000000
0.000000000000000
0.000000000000000
0.000000000000000
0.000000000000000
0.000000000000000
0.000000000000000
0.000000000000000
0.000000000000000
0.000000000000000
0.000000000000000
0.000000000000000
0.000000000000000
0.000000000000000
0.000000000000000
0.000000000000000
0.000000000000000
0.000000000000000
0.000000000000000
0.000000000000000
0.000000000000000
0.000000000000000
0.000000000000000
0.000000000000000
0.000000000000000
0.000000000000000
0.000000000000000
0.000000000000000
0.000000000000000
0.000000000000000
0.000000000000000
0.000000000000000
0.000000000000000
0.000000000000000
0.000000000000000
0.000000000000000
0.000000000000000
0.000000000000000
0.000000000000000
0.000000000000000
0.000000000000000
0.000000000000000
0.000000000000000
0.000000000000000
0.000000000000000
0.000000000000000
0.000000000000000
0.000000000000000
0.000000000000000
0.000000000000000
0.000000000000000
0.000000000000000
0.000000000000000
0.000000000000000
0.000000000000000
0.000000000000000
0.000000000000000
0.000000000000000
0.000000000000000
0.000000000000000
0.000000000000000
0.000000000000000
0.000000000000000
0.000000000000000
0.000000000000000
0.000000000000000
0.000000000000000
0.000000000000000
0.000000000000000
0.000000000000000
0.000000000000000
0.000000000000000
0.000000000000000
0.000000000000000
0.000000000000000
0.000000000000000
0.000000000000000
0.000000000000000
0.000000000000000
0.000000000000000
0.000000000000000
0.000000000000000
0.000000000000000
0.000000000000000
0.000000000000000
0.000000000000000
0.000000000000000
0.000000000000000
