-0.211485937237740
-0.265481442213058
0.234058633446693
-0.241923809051514
0.254967033863068
-0.261374682188034
-0.174549192190170
-0.000252361322055
0.229995250701904
-0.287572443485260
0.307266712188721
0.089422538876534
-0.255930542945862
-0.239924624562263
-0.031052267178893
0.269112467765808
-0.002294122008607
-0.001625738921575
0.003081492614001
-0.006455714814365
0.007822173647583
0.002253255574033
-0.003485834226012
0.007409208919853
0.005078974179924
-0.004191397223622
-0.002074485411867
-0.011303966864944
-0.008013161830604
-0.007744467817247
0.001748186186887
0.001012517954223
0.021358881145716
-0.028902893885970
0.032197695225477
0.012556745670736
-0.015715053305030
0.009786409325898
-0.025218496099114
0.018147677183151
0.029526254162192
0.003413385013118
0.007192146964371
0.012380012311041
0.004187481477857
0.005961311049759
-0.016424402594566
-0.006666697096080
0.012111763469875
0.005543557927012
-0.006616057362407
-0.021565403789282
-0.009451602585614
0.004758328199387
0.011828205548227
-0.010264353826642
0.011959296651185
-0.008675052784383
0.011254485696554
0.001156940124929
-0.003377287648618
0.001960464054719
0.003753087250516
-0.010420572943985
0.008437745273113
0.000847731018439
0.001402792287990
-0.001031171646900
0.021828701719642
0.002452113432810
-0.002330167451873
-0.014924133196473
-0.009374087676406
0.008374194614589
-0.002972403075546
0.001148021197878
-0.000803550356068
-0.003792455187067
0.001826166873798
-0.004234330728650
-0.006992049980909
0.001756023382768
0.004234372638166
0.008977333083749
-0.014354794286191
-0.004583945032209
-0.006949580740184
-0.003428718075156
0.010686760768294
0.009008160792291
0.000522299262229
-0.016479540616274
-0.012667422182858
0.049290947616100
-0.003989603370428
0.006856958381832
-0.015104014426470
0.003787519643083
-0.004678993020207
0.007812774740160
-0.001052368897945
0.012520338408649
0.004260285291821
0.007478945422918
-0.011493336409330
-0.019019294530153
-0.010956374928355
0.011247431859374
-0.008235860615969
-0.008395397104323
0.001949482480995
-0.011301751248538
0.026374487206340
0.016165468841791
0.011356975883245
-0.012172186747193
-0.005123797804117
-0.008409508503973
0.000906752364244
-0.010690778493881
-0.018383344635367
0.005106902215630
0.021907674148679
-0.016422789543867
0.011414656415582
0.021362176164985
0.003528587287292
0.023660158738494
-0.043531946837902
0.033005002886057
0.014808825217187
0.000735023408197
-0.042842295020819
-0.005002334248275
-0.012635660357773
0.058288611471653
-0.041187867522240
0.034959271550179
0.041867390275002
0.044126108288765
-0.008148776367307
-0.027721246704459
0.017265103757381
0.041023489087820
-0.022258121520281
0.006264265626669
0.008368178270757
-0.006380003876984
0.010812044143677
-0.005361503455788
0.006188143044710
0.010865195654333
0.001591159030795
-0.004060285631567
0.019977070391178
-0.003712014993653
-0.003190454095602
-0.002112962305546
0.002892549382523
0.002963454229757
