-0.2159881592
-0.2693328857
0.2297821045
-0.2460784912
0.2507476807
-0.2640838623
-0.1796569824
-0.004806518555
0.224822998
-0.2919006348
0.3027191162
0.08486938477
-0.2602996826
-0.2445678711
-0.03573608398
0.2644500732
-0.004943847656
-0.004241943359
0.0009918212891
-0.009674072266
0.006500244141
0.0001525878906
-0.006393432617
0.005966186523
0.003295898438
-0.007232666016
-0.004760742188
-0.01525878906
-0.01148986816
-0.01113891602
-0.0003814697266
-0.001358032227
0.01567077637
-0.03187561035
0.0263671875
0.008117675781
-0.0189666748
0.004638671875
-0.02656555176
0.01400756836
0.02359008789
-0.001235961914
0.002639770508
0.007949829102
0.0003662109375
0.001708984375
-0.01921081543
-0.0087890625
0.009948730469
0.002868652344
-0.00993347168
-0.02571105957
-0.01292419434
0.002059936523
0.009506225586
-0.01391601562
0.009674072266
-0.01211547852
0.008926391602
-0.001770019531
-0.006576538086
-0.0009155273438
0.001068115234
-0.01391601562
0.005966186523
-0.002014160156
-0.001205444336
-0.003555297852
0.01956176758
-0.0001068115234
-0.004959106445
-0.01786804199
-0.01217651367
0.005981445312
-0.005783081055
-0.001495361328
-0.003295898438
-0.006332397461
-0.0007781982422
-0.007034301758
-0.01019287109
-0.001373291016
0.0006408691406
0.005355834961
-0.01756286621
-0.008331298828
-0.01020812988
-0.007141113281
0.007034301758
0.005737304688
-0.003128051758
-0.01963806152
-0.01631164551
0.04559326172
-0.007659912109
0.003036499023
-0.01998901367
0.001129150391
-0.008422851562
0.005722045898
-0.004287719727
0.01066589355
0.001770019531
0.005233764648
-0.01602172852
-0.0241394043
-0.01528930664
0.009353637695
-0.01231384277
-0.0124206543
-0.0006561279297
-0.01560974121
0.02085876465
0.01112365723
0.007751464844
-0.01499938965
-0.008712768555
-0.01066589355
-0.003189086914
-0.01370239258
-0.0203704834
0.002151489258
0.01667785645
-0.01789855957
0.007827758789
0.01600646973
-0.0003204345703
0.01843261719
-0.04704284668
0.02697753906
0.009048461914
-0.005126953125
-0.04637145996
-0.01013183594
-0.0163269043
0.05181884766
-0.04461669922
0.02827453613
0.03491210938
0.03804016113
-0.01362609863
-0.03125
0.01152038574
0.03475952148
-0.02485656738
0.003509521484
0.005477905273
-0.008987426758
0.008010864258
-0.008224487305
0.003341674805
0.007995605469
-0.001281738281
-0.006637573242
0.01719665527
-0.006240844727
-0.005813598633
-0.004837036133
0.0001373291016
0.0001220703125
