-0.013904370367527
-0.009881009347737
-0.004917472600937
-0.022793032228947
0.007217924110591
-0.023331373929977
-0.021875089034438
0.051038835197687
0.013362398371100
-0.007324008736759
-0.005052222870290
0.021963231265545
-0.004428695887327
-0.007924295030534
0.016262479126453
0.015333445742726
0.002946379128844
-0.006031235214323
0.002811898710206
0.005617830902338
0.011764234863222
-0.001314589404501
-0.005654951091856
-0.005473348312080
-0.004393779672682
0.009086798876524
0.005597360897809
0.006915042642504
-0.003463725326583
0.005603970494121
0.005091062746942
0.001119235414080
-0.004470868036151
-0.007781253661960
-0.001944434945472
-0.000874178716913
-0.000392135145376
-0.003892861539498
0.004773737862706
0.007294216658920
-0.001233093440533
-0.000945994397625
-0.009646733291447
0.005530545488000
-0.008759360760450
-0.010179583914578
-0.004744766745716
0.004718916956335
-0.002930024173111
0.001659042551182
0.009016390889883
0.006963921245188
0.004654468968511
-0.000835181912407
-0.002164115663618
0.009779449552298
-0.009595507755876
0.000057026740251
0.002747143618762
0.001300455303863
-0.000815846666228
0.002164527773857
0.000627626315691
0.001387871801853
-0.268553286790848
-0.202014759182930
-0.248836517333984
0.051646053791046
-0.073206797242165
-0.306097418069839
0.259783208370209
0.237503990530968
0.345468223094940
-0.318883299827576
-0.184705048799515
-0.297877579927444
0.158730208873749
0.286161333322525
-0.095316991209984
-0.160893216729164
-0.002804831368849
-0.006935626734048
0.002646077424288
-0.000702857156284
0.000803648494184
-0.002263084985316
-0.019544601440430
0.000738882285077
0.012748826295137
-0.007951075211167
0.011545008979738
-0.004349542316049
-0.006319284904748
0.018463518470526
-0.003749896306545
0.001263857935555
0.005585081409663
-0.013732197694480
-0.009154524654150
-0.011817147955298
0.002213032916188
0.021656446158886
-0.011589952744544
-0.004883903078735
-0.006362656131387
0.007268327288330
0.006712342612445
0.010978514328599
-0.012873081490397
0.018611943349242
0.014746990986168
0.016804451122880
0.005435905419290
0.023850442841649
-0.004310655873269
0.010357704944909
0.017507981508970
0.009744449518621
0.026489619165659
-0.002649420406669
0.006827667355537
-0.011409773491323
-0.001101534464397
-0.030286489054561
-0.009188101626933
0.029972326010466
0.003086474025622
0.007635554298759
-0.022196317091584
0.014735852368176
-0.012498430907726
0.014700752682984
-0.017636548727751
0.014429851435125
-0.039198491722345
0.017833717167377
-0.020201347768307
0.018926080316305
0.001121162902564
0.012411087751389
0.001320178387687
-0.018885096535087
0.020343227311969
0.015838846564293
-0.004904834087938
-0.013327309861779
-0.002981529105455
0.006209980696440
0.009422434493899
-0.007575021591038
-0.002851367462426
-0.000523858761881
-0.001333823660389
0.002486621960998
-0.008319383487105
0.002999859163538
0.004337911959738
-0.003055416513234
0.002175656845793
-0.008124435320497
