-0.01887512207
-0.01470947266
-0.008331298828
-0.0279083252
0.004196166992
-0.02810668945
-0.02713012695
0.04804992676
0.009841918945
-0.01231384277
-0.008407592773
0.0186920166
-0.009323120117
-0.01301574707
0.01245117188
0.01249694824
0.0007781982422
-0.007766723633
0.0005340576172
0.003356933594
0.009063720703
-0.003387451172
-0.007385253906
-0.007293701172
-0.006271362305
0.006546020508
0.003280639648
0.004440307617
-0.005355834961
0.003326416016
0.002731323242
-0.001022338867
-0.008880615234
-0.01258850098
-0.005645751953
-0.003967285156
-0.003402709961
-0.008117675781
0.003982543945
0.006408691406
-0.004821777344
-0.004364013672
-0.01486206055
0.003982543945
-0.01341247559
-0.01541137695
-0.00846862793
0.003814697266
-0.004592895508
-0.0003204345703
0.006622314453
0.004638671875
0.002487182617
-0.002655029297
-0.003952026367
0.007278442383
-0.01095581055
-0.001846313477
0.0007171630859
-0.0006866455078
-0.002700805664
0.0001373291016
-0.001266479492
-0.0005798339844
-0.2710571289
-0.2056274414
-0.2514648438
0.04821777344
-0.07707214355
-0.3084411621
0.2553863525
0.2333526611
0.3408355713
-0.3212280273
-0.1881408691
-0.300567627
0.1550598145
0.2819061279
-0.09870910645
-0.1641540527
-0.005447387695
-0.009765625
-9.155273438e-05
-0.003677368164
-0.001800537109
-0.005294799805
-0.02308654785
-0.002182006836
0.01029968262
-0.01094055176
0.009155273438
-0.007202148438
-0.009628295898
0.01634216309
-0.006912231445
-0.001815795898
0.002380371094
-0.01672363281
-0.01220703125
-0.01472473145
-0.0007934570312
0.01835632324
-0.01457214355
-0.007904052734
-0.009521484375
0.004089355469
0.003509521484
0.007736206055
-0.01582336426
0.01541137695
0.01164245605
0.01362609863
0.001235961914
0.01831054688
-0.007019042969
0.006057739258
0.01257324219
0.006301879883
0.02079772949
-0.006118774414
0.003158569336
-0.01329040527
-0.004745483398
-0.0308380127
-0.01153564453
0.02404785156
-0.0007934570312
0.003372192383
-0.0263671875
0.01109313965
-0.01675415039
0.0106048584
-0.02168273926
0.01048278809
-0.0432434082
0.01429748535
-0.02432250977
0.0149230957
-0.003082275391
0.008819580078
-0.002853393555
-0.02284240723
0.01666259766
0.01220703125
-0.007904052734
-0.01818847656
-0.006393432617
0.005065917969
0.00830078125
-0.01179504395
-0.006271362305
-0.003631591797
-0.004531860352
0.0008087158203
-0.01245117188
0.001388549805
0.002944946289
-0.006240844727
0
-0.01245117188
