-0.236245363950729
-0.252589643001556
0.204466938972473
-0.239475190639496
0.315706372261047
-0.212263911962509
-0.209846913814545
0.100527457892895
0.182987242937088
-0.290202885866165
0.296930372714996
0.148888081312180
-0.265773445367813
-0.278403937816620
-0.000276440492598
0.258210808038712
-0.002344338921830
0.003164896741509
-0.002277710940689
-0.002549020806327
-0.001484834472649
0.001433483324945
-0.007532393094152
0.002509500831366
0.002440877724439
0.000673011003528
0.000311018229695
-0.001062711235136
0.001512266462669
-0.002988772001117
-0.003511399496347
0.003616696689278
-0.010349589399993
-0.028022669255733
-0.011522792279720
0.007168567273766
0.002382339444011
-0.012612635269761
0.005153143312782
0.011475353501737
-0.013882054947317
-0.004048724658787
-0.027601866051555
0.013430032879114
-0.005258554592729
-0.006855697371066
0.002311981283128
0.003407569602132
-0.001541297766380
0.005003446247429
-0.004957145079970
-0.014512999914587
-0.004167402163148
0.001218272023834
0.012395186349750
0.006436242721975
-0.003170284675434
-0.011832464486361
0.003620684845373
-0.005951812956482
-0.010443272069097
0.015993185341358
0.000963424448855
0.002190820639953
0.022377936169505
0.028688877820969
0.021411994472146
-0.014576757326722
0.040154561400414
0.019461648538709
-0.013794249854982
-0.014458153396845
-0.035215273499489
0.030794220045209
0.014999032020569
0.023919707164168
0.009106572717428
-0.015977837145329
0.013578003272414
0.025342477485538
0.002533876802772
0.005274116992950
0.017784744501114
-0.022544248029590
0.008104573935270
-0.007097729481757
-0.004159830044955
-0.007579016964883
-0.001367792952806
0.018895408138633
0.000852189783473
-0.009344804100692
-0.024932898581028
0.008070757612586
-0.022691415622830
-0.014105255715549
0.004439205396920
0.018583545461297
0.002467958256602
0.034887757152319
-0.005040669348091
0.003502871841192
0.003560495097190
-0.002688636304811
-0.015704995021224
-0.018439473584294
-0.018226504325867
-0.004481890238822
-0.023249944671988
-0.008970695547760
0.019346313551068
-0.004393930546939
0.016008095815778
0.003386355936527
0.009738366119564
0.010447951033711
-0.004842943046242
0.005918369162828
-0.002870504045859
-0.007264400832355
0.005134813487530
0.005167458672076
0.006210515275598
-0.008555632084608
-0.001105896313675
0.009196760132909
0.011123509146273
0.002139885909855
-0.013722334057093
0.023683374747634
-0.002110557164997
-0.003703390946612
-0.030650937929749
0.026175959035754
0.001865184633061
0.002428990323097
-0.022025214508176
-0.011082825250924
-0.015862433239818
-0.000491917890031
-0.003070872975513
-0.020528502762318
-0.011991604231298
0.018028493970633
0.021569399163127
-0.020822709426284
0.005076054949313
0.009865667670965
0.009012569673359
-0.005208521150053
-0.009135900996625
-0.013483964838088
-0.013826639391482
0.012906864285469
-0.038040667772293
-0.000027116921046
0.011599416844547
-0.004414651542902
0.006206224672496
0.008268720470369
