-0.2400817871
-0.2562255859
0.200958252
-0.2433624268
0.3112030029
-0.2152862549
-0.2142333984
0.09571838379
0.1788482666
-0.2941131592
0.2929840088
0.1443786621
-0.269744873
-0.2821960449
-0.004669189453
0.2542114258
-0.004577636719
0.001937866211
-0.004638671875
-0.004806518555
-0.003677368164
-0.0001983642578
-0.01083374023
0.00114440918
0.001022338867
-0.001068115234
-0.001480102539
-0.003143310547
1.525878906e-05
-0.005401611328
-0.006088256836
0.00244140625
-0.01780700684
-0.03721618652
-0.01889038086
0.004196166992
-0.001495361328
-0.02024841309
0.004501342773
0.009689331055
-0.02186584473
-0.01013183594
-0.03672790527
0.01123046875
-0.009841918945
-0.01254272461
-0.0005645751953
0.002304077148
-0.004348754883
0.002655029297
-0.007919311523
-0.01843261719
-0.007110595703
-0.001525878906
0.01039123535
0.004089355469
-0.006134033203
-0.0154876709
0.001037597656
-0.009140014648
-0.01387023926
0.01440429688
-0.001770019531
-0.0002899169922
0.01634216309
0.02169799805
0.01538085938
-0.01699829102
0.03251647949
0.01362609863
-0.01615905762
-0.01679992676
-0.03593444824
0.02406311035
0.009307861328
0.01750183105
0.005142211914
-0.01803588867
0.008346557617
0.01895141602
-0.0004272460938
0.002944946289
0.01591491699
-0.02886962891
0.00569152832
-0.01191711426
-0.007843017578
-0.01260375977
-0.005615234375
0.017578125
-0.003265380859
-0.01342773438
-0.03149414062
0.0048828125
-0.02891540527
-0.01991271973
0.0009918212891
0.01557922363
-0.001235961914
0.03262329102
-0.008575439453
1.525878906e-05
0.0001983642578
-0.006408691406
-0.02011108398
-0.02275085449
-0.02249145508
-0.008178710938
-0.02784729004
-0.01287841797
0.01681518555
-0.008056640625
0.01162719727
0.0003509521484
0.006530761719
0.006820678711
-0.006805419922
0.003280639648
-0.005172729492
-0.008773803711
0.002380371094
0.002716064453
0.003005981445
-0.009307861328
-0.003005981445
0.005462646484
0.007400512695
-0.0006256103516
-0.0186920166
0.02169799805
-0.006393432617
-0.008407592773
-0.03686523438
0.02380371094
-0.001266479492
-0.0009918212891
-0.02758789062
-0.01631164551
-0.02153015137
-0.004089355469
-0.007553100586
-0.02577209473
-0.01684570312
0.01564025879
0.01933288574
-0.0255279541
0.001388549805
0.007278442383
0.005828857422
-0.009536743164
-0.01348876953
-0.0181427002
-0.01843261719
0.01039123535
-0.04356384277
-0.003112792969
0.009017944336
-0.008392333984
0.003128051758
0.004699707031
