0.005939430091530
0.002213118830696
0.000713153625838
0.020884795114398
0.015145130455494
0.021439554169774
0.015918105840683
-0.019365100190043
-0.024328405037522
0.012257163412869
-0.002569648670033
-0.005192372482270
0.020189564675093
0.009137005545199
0.008457798510790
-0.008987077511847
-0.009281239472330
0.020020907744765
-0.016349166631699
-0.003612209111452
-0.016131754964590
0.007917525246739
-0.011551951058209
0.005315739195794
0.003663786454126
0.012590333819389
-0.017713086679578
-0.001927937031724
0.027163246646523
-0.003166115377098
0.010959363542497
-0.013469291850924
-0.047822065651417
0.005447889212519
-0.029105629771948
0.008419163525105
-0.002111933659762
-0.032864641398191
0.030638877302408
0.005168906413019
0.010135509073734
-0.017975673079491
-0.025798082351685
-0.001902038115077
-0.010112909600139
-0.048847608268261
-0.008284618146718
0.051694333553314
-0.007989306934178
0.000656622229144
-0.003243575105444
0.001834738883190
0.007651559077203
-0.004297363106161
0.003063027048483
0.000532625475898
-0.004679665435106
-0.001721581444144
-0.018846912309527
-0.002060157712549
0.019196061417460
0.011039306409657
0.014099504798651
0.003669747617096
-0.000499645597301
0.004295784980059
-0.004382631275803
0.004416191019118
-0.000123700112454
0.000502728100400
0.001793834147975
0.003842975944281
-0.005741634871811
-0.000214804240386
0.001693669473752
0.000562017958146
-0.001962802605703
-0.006212978158146
0.003886400489137
0.005368474870920
-0.001642242772505
0.001483467873186
-0.001979696564376
0.001774042961188
-0.005962621420622
0.002643880201504
0.000483139127027
0.005095471628010
0.003458296880126
-0.001530605950393
0.000531002704520
0.009551196359098
0.010676575824618
-0.002820820081979
-0.003829381661490
0.002090925117955
-0.000422007724410
-0.003275817725807
-0.004063235130161
0.001475541619584
0.001654539140873
-0.001470963470638
-0.005719234701246
-0.005616165697575
0.007700202055275
-0.010131660848856
0.009367431513965
0.015357275493443
0.004263122100383
0.007517287973315
0.002476477995515
0.005100522655994
-0.227159813046455
-0.260854989290237
0.114715784788132
-0.132432550191879
-0.265564888715744
0.226688265800476
-0.220753446221352
-0.234018400311470
0.034003160893917
0.247469738125801
-0.141322642564774
0.202305346727371
0.156984791159630
-0.208243548870087
-0.120815679430962
-0.167464524507523
-0.005256697069854
0.006619087420404
-0.000570242293179
-0.009183037094772
-0.005210603587329
0.008862935937941
-0.004649944137782
0.003682310925797
-0.006590859964490
0.006403276231140
-0.006082743871957
0.006331506650895
0.008529479615390
0.001503307023086
-0.001793539733626
-0.000111017936433
0.001921451883391
-0.005100140348077
-0.003210917580873
0.000577720871661
-0.004080460406840
-0.003973396029323
-0.004675190895796
-0.000036551984522
-0.004231129307300
0.005625092890114
-0.001511531416327
0.002541629830375
0.002797742839903
-0.004401674959809
-0.003363644238561
0.000097846706922
