0.002197265625
-0.001266479492
-0.002349853516
0.01635742188
0.01136779785
0.01704406738
0.0115814209
-0.02174377441
-0.02633666992
0.008071899414
-0.005508422852
-0.008209228516
0.01557922363
0.005111694336
0.004730224609
-0.01156616211
-0.0124206543
0.01698303223
-0.02105712891
-0.006332397461
-0.01998901367
0.004135131836
-0.01533508301
0.001434326172
-0.0003356933594
0.009582519531
-0.02201843262
-0.005844116211
0.02479553223
-0.005920410156
0.007888793945
-0.01762390137
-0.0615234375
-0.001174926758
-0.04019165039
0.003051757812
-0.008422851562
-0.04484558105
0.03254699707
0.0009002685547
0.002517700195
-0.02789306641
-0.03559875488
-0.00813293457
-0.01626586914
-0.06024169922
-0.01397705078
0.05531311035
-0.01005554199
-0.002578735352
-0.006683349609
-0.0002593994141
0.004089355469
-0.006195068359
0.0009155273438
-0.002624511719
-0.006652832031
-0.003799438477
-0.02046203613
-0.004180908203
0.01545715332
0.007415771484
0.01167297363
0.0003356933594
-0.002288818359
0.002563476562
-0.00634765625
0.002838134766
-0.002044677734
-0.001235961914
1.525878906e-05
0.002151489258
-0.007827758789
-0.002029418945
-0.0001373291016
-0.001205444336
-0.003799438477
-0.008270263672
0.002197265625
0.003753662109
-0.003341674805
-0.0002136230469
-0.003768920898
-0.0004119873047
-0.007537841797
0.0004119873047
-0.001358032227
0.002746582031
0.001235961914
-0.003311157227
-0.001663208008
0.007537841797
0.008239746094
-0.004821777344
-0.005859375
-0.0001983642578
-0.002777099609
-0.005569458008
-0.006378173828
-0.0008544921875
-0.0006256103516
-0.003723144531
-0.007949829102
-0.007843017578
0.005157470703
-0.01231384277
0.006866455078
0.01268005371
0.001846313477
0.005157470703
0.0002746582031
0.002746582031
-0.2380981445
-0.2740325928
0.111541748
-0.140625
-0.2749481201
0.2225036621
-0.2355041504
-0.2403411865
0.03036499023
0.2458953857
-0.1507720947
0.2065429688
0.1529083252
-0.2242279053
-0.1322784424
-0.1778411865
-0.007720947266
0.004470825195
-0.00309753418
-0.01223754883
-0.007598876953
0.0068359375
-0.007049560547
0.001480102539
-0.009140014648
0.00422668457
-0.008941650391
0.004241943359
0.006484985352
-0.0005950927734
-0.004287719727
-0.002593994141
0.0004119873047
-0.008850097656
-0.006546020508
-0.001174926758
-0.00749206543
-0.007629394531
-0.008438110352
-0.002487182617
-0.007934570312
0.005310058594
-0.00422668457
0.001358032227
0.001663208008
-0.007965087891
-0.006484985352
-0.002380371094
