0.004124301485717
0.015257612802088
-0.022239755839109
0.007979572750628
-0.044603809714317
0.025864580646157
0.014280658215284
-0.001641879091039
-0.011768179945648
0.010867953300476
-0.014309339225292
0.006054884288460
0.015259532257915
-0.004499567672610
-0.006887556053698
-0.010117442347109
-0.316881030797958
0.314051389694214
0.165263295173645
-0.351272046566010
0.011838242411613
0.282032877206802
-0.075166597962379
0.345601588487625
0.364926755428314
0.096160262823105
0.043280161917210
0.147642031311989
0.191143363714218
-0.369066029787064
-0.028418872505426
0.000123062185594
0.004151599016041
-0.010911341756582
-0.001343407551758
-0.003823000472039
-0.020134877413511
0.000728810380679
0.004175199661404
0.003513667499647
0.005588546860963
0.001044467557222
0.007596250623465
-0.012118322774768
-0.009059803560376
0.001467219437473
-0.007375635206699
0.000536224921234
0.000732005224563
0.002780130831525
0.010568993166089
-0.025406163185835
0.014698822982609
0.003872890025377
-0.011820473708212
0.000302485423163
-0.016149519011378
-0.015805978327990
0.002604016568512
0.012682021595538
0.007726088166237
0.005467705894262
-0.002901519881561
-0.010508573614061
0.027119217440486
0.019063603132963
0.008825517259538
0.007726567797363
0.021112265065312
0.025253098458052
-0.003404271090403
-0.040345299988985
-0.015142680145800
0.023926030844450
0.013101338408887
0.003335470566526
0.008171065710485
-0.040625870227814
-0.001920358394273
-0.010713929310441
-0.000080176563642
-0.008151712827384
0.000749430735596
-0.007011934649199
0.014333277940750
0.000435122288764
-0.010530876927078
0.000619663973339
0.012964774854481
-0.001688625547104
0.006195644848049
-0.010255940258503
-0.014132374897599
-0.000752881984226
0.007938593626022
-0.016596700996161
0.000440640753368
-0.002428301610053
0.007956773042679
-0.001717146136798
0.001340499497019
-0.002621890278533
-0.002825984964147
-0.002861623419449
-0.000578680657782
-0.000170640778379
0.007832113653421
0.005526341963559
-0.000608092988841
0.004270208068192
-0.005102972034365
0.005698692984879
0.014534400776029
0.002250423654914
-0.000112133369839
0.001182834967040
-0.012637548148632
0.002310035051778
-0.004137221258134
-0.002155108377337
-0.008136429823935
0.007650657091290
-0.003099838970229
-0.025388725101948
-0.007332965265960
0.016621777787805
0.000007824739441
-0.005557673517615
-0.000031837229471
0.002586860209703
0.016244772821665
0.006582811474800
-0.000146956372191
0.008784324862063
-0.013496728613973
-0.006654651835561
-0.001216535572894
0.007665613666177
-0.002680877689272
-0.006499769166112
0.002919103251770
-0.007641714531928
0.005350259132683
-0.001171139767393
-0.003504059044644
-0.001658331486396
0.001340208109468
-0.001232306240126
0.000938240322284
-0.002251186640933
0.001832781359553
-0.004584432113916
-0.002355720382184
0.000468750455184
-0.000785885436926
0.004526185803115
0.000648068031296
-0.007642125710845
0.005188140552491
-0.000995238078758
