0.00048828125
0.01196289062
-0.02639770508
0.004364013672
-0.04928588867
0.02282714844
0.01080322266
-0.005554199219
-0.01577758789
0.007217407227
-0.01824951172
0.002517700195
0.01176452637
-0.008514404297
-0.01086425781
-0.01396179199
-0.3209075928
0.3117523193
0.1618347168
-0.3553161621
0.008453369141
0.279296875
-0.0788269043
0.3430633545
0.3624572754
0.0931854248
0.03991699219
0.1445007324
0.1887817383
-0.3731231689
-0.03193664551
-0.003570556641
0.0005187988281
-0.01612854004
-0.00553894043
-0.007537841797
-0.02629089355
-0.003402709961
0.003448486328
0.001281738281
0.002151489258
-0.002746582031
0.005020141602
-0.0170135498
-0.01324462891
-0.001770019531
-0.01106262207
-0.0008392333984
-0.002716064453
0.0001831054688
0.008850097656
-0.03135681152
0.01321411133
0.00048828125
-0.01649475098
-0.002746582031
-0.02113342285
-0.02090454102
-0.0009155273438
0.01010131836
0.005477905273
0.003128051758
-0.006774902344
-0.01400756836
0.02230834961
0.01412963867
0.004379272461
0.003860473633
0.01629638672
0.02052307129
-0.006790161133
-0.04309082031
-0.01824951172
0.01919555664
0.008514404297
-0.001159667969
0.004470825195
-0.04312133789
-0.005950927734
-0.01463317871
-0.002685546875
-0.01136779785
-0.002166748047
-0.01081848145
0.0128326416
-0.002716064453
-0.01411437988
-0.002502441406
0.01089477539
-0.004547119141
0.003448486328
-0.01383972168
-0.01849365234
-0.003936767578
0.005416870117
-0.021484375
-0.001373291016
-0.004241943359
0.006057739258
-0.003494262695
-0.0004272460938
-0.004425048828
-0.004638671875
-0.004669189453
-0.002380371094
-0.001953125
0.006011962891
0.003662109375
-0.002456665039
0.002456665039
-0.006820678711
0.003936767578
0.01177978516
-0.001510620117
-0.002639770508
-0.002044677734
-0.01708984375
0.0001373291016
-0.008255004883
-0.005752563477
-0.01147460938
0.006011962891
-0.006774902344
-0.0290222168
-0.01039123535
0.01383972168
-0.003372192383
-0.009521484375
-0.002471923828
0.0001983642578
0.01390075684
0.004150390625
-0.002593994141
0.006362915039
-0.01594543457
-0.009155273438
-0.003662109375
0.005157470703
-0.005325317383
-0.008972167969
0.0003509521484
-0.01011657715
0.002944946289
-0.003616333008
-0.006149291992
-0.003936767578
-0.0004119873047
-0.003356933594
-0.0008544921875
-0.00471496582
0.0002746582031
-0.007553100586
-0.004806518555
-0.001281738281
-0.002853393555
0.003677368164
-0.001052856445
-0.0111541748
0.004318237305
-0.003219604492
