0.013201414607465
0.032459605485201
-0.029762415215373
0.022871512919664
-0.003652014071122
0.004380515310913
0.011886394582689
0.010355221107602
-0.026053713634610
0.018514508381486
-0.042230393737555
-0.011722604744136
0.049887262284756
0.018769651651382
0.017037209123373
-0.047440383583307
0.001364976516925
0.001399027300067
0.012296274304390
-0.007686936762184
0.004664105363190
0.003680496942252
-0.009166726842523
0.005760613363236
0.005282388534397
-0.026971792802215
-0.008520690724254
0.011721852235496
-0.004080476704985
-0.007586444728076
0.006643834058195
-0.014877718873322
0.001087122713216
0.001460102852434
-0.001523632323369
-0.001430046395399
-0.024236697703600
0.001530484063551
-0.008323449641466
0.005750524345785
0.003335738787428
-0.003628889564425
-0.000675246759783
0.007263102568686
-0.015944331884384
-0.003286861581728
-0.021589390933514
0.001732835080475
-0.010507735423744
0.003258516080678
0.022968340665102
-0.002436610637233
-0.011191952973604
-0.028698138892651
0.000290296971798
-0.012732368893921
-0.016878379508853
-0.009429708123207
-0.007322964258492
0.023959474638104
0.016244485974312
-0.014483167789876
0.024976357817650
-0.057809792459011
0.000853741425090
-0.002951112575829
-0.000939416815527
-0.008138718083501
0.001062793191522
0.002531050937250
0.001545526320115
-0.003928104881197
0.001150061842054
-0.000281248037936
0.000510363781359
-0.002164559438825
0.000141263735713
-0.006715414114296
0.003578136907890
-0.002404833678156
-0.096886172890663
-0.319285511970520
-0.047381214797497
0.291341811418533
-0.145985633134842
0.225408554077148
-0.114374890923500
0.269295066595078
0.194171428680420
-0.323569297790527
0.269273787736893
-0.083093442022800
0.270987421274185
0.160116627812386
0.199245855212212
0.406232178211212
0.000895942503121
-0.005671261809766
-0.008670112118125
-0.007741501554847
0.003748748684302
-0.003304585814476
-0.003730918047950
-0.000741861702409
-0.006245363038033
0.009200841188431
0.001311513478868
0.003057265421376
0.003903597593307
0.004103454761207
-0.002825724659488
0.001553152338602
-0.002104507060722
0.003040099050850
-0.007658415939659
0.004750555381179
0.002368218265474
-0.000698239949998
0.005464341491461
-0.002020865445957
0.007609704509377
0.000268916686764
-0.011334352195263
-0.002853122772649
-0.004552703350782
0.005309976171702
0.006241821683943
-0.002616394776851
-0.000698748452123
0.007304252590984
-0.009633723646402
-0.003806391730905
-0.004020788241178
-0.012447905726731
0.001234418712556
-0.000840069260448
0.002761595416814
0.002851904602721
-0.002206163248047
-0.004394595976919
0.009962790645659
0.007244302425534
-0.006077309604734
-0.001233487157151
0.019495053216815
-0.007275867275894
-0.002854273654521
-0.000125399878016
-0.008130103349686
0.015582434833050
0.000233430313529
0.010184985585511
0.014019669964910
-0.010432357899845
-0.017586633563042
-0.011939906515181
-0.009439420886338
-0.009594595991075
-0.003780348924920
0.009164314717054
