0.008163452148
0.02758789062
-0.03407287598
0.01789855957
-0.00798034668
-0.0002899169922
0.006881713867
0.005416870117
-0.03071594238
0.01345825195
-0.04652404785
-0.01640319824
0.04466247559
0.01364135742
0.01202392578
-0.05172729492
-0.001541137695
-0.001800537109
0.009857177734
-0.01129150391
0.001892089844
0.0005950927734
-0.01313781738
0.002716064453
0.002258300781
-0.03245544434
-0.01251220703
0.009292602539
-0.007629394531
-0.01112365723
0.003921508789
-0.01945495605
-0.003768920898
-0.002685546875
-0.006393432617
-0.005661010742
-0.0320892334
-0.003219604492
-0.01138305664
0.003662109375
-0.001083374023
-0.008804321289
-0.005310058594
0.004760742188
-0.02206420898
-0.007965087891
-0.02822875977
6.103515625e-05
-0.0160369873
-0.0003814697266
0.02082824707
-0.008514404297
-0.01577758789
-0.03567504883
-0.005081176758
-0.01802062988
-0.02325439453
-0.01573181152
-0.01319885254
0.0202331543
0.01318359375
-0.01914978027
0.02119445801
-0.0650177002
-0.001083374023
-0.006103515625
-0.003326416016
-0.01237487793
-0.0009307861328
0.001022338867
-0.000244140625
-0.007110595703
-0.0006866455078
-0.002532958984
-0.001617431641
-0.004928588867
-0.001953125
-0.01057434082
0.002288818359
-0.005294799805
-0.09934997559
-0.3246917725
-0.05345153809
0.2891387939
-0.1494750977
0.2208099365
-0.1170501709
0.2666015625
0.1889038086
-0.3307952881
0.2658538818
-0.08479309082
0.2684631348
0.1549835205
0.1940002441
0.4025726318
-0.001434326172
-0.008911132812
-0.01232910156
-0.01123046875
0.001968383789
-0.006072998047
-0.006637573242
-0.003295898438
-0.009552001953
0.008041381836
-0.0008850097656
0.001068115234
0.001983642578
0.00227355957
-0.005569458008
-0.0005950927734
-0.004989624023
0.00048828125
-0.01040649414
0.00260925293
-0.0001373291016
-0.002777099609
0.00309753418
-0.004684448242
0.005981445312
-0.001663208008
-0.01481628418
-0.004898071289
-0.00700378418
0.002899169922
0.004135131836
-0.005462646484
-0.003280639648
0.00553894043
-0.013671875
-0.00715637207
-0.007049560547
-0.01667785645
-0.001113891602
-0.003677368164
0.0006103515625
0.0003967285156
-0.005325317383
-0.007629394531
0.008438110352
0.005676269531
-0.009552001953
-0.004104614258
0.01736450195
-0.0110168457
-0.006256103516
-0.003387451172
-0.01188659668
0.01319885254
-0.003005981445
0.007446289062
0.01148986816
-0.01425170898
-0.02186584473
-0.01586914062
-0.01322937012
-0.01347351074
-0.007171630859
0.006408691406
