0.000346968998201
0.002409804612398
-0.010274958796799
-0.002266756957397
0.003219696460292
-0.011566488072276
0.000469119258923
0.004673660267144
-0.002977629657835
0.002545034280047
-0.008722474798560
0.001649355981499
0.005837915930897
0.003713777521625
0.002230553422123
0.000691380933858
-0.001281582517549
-0.000870161340572
0.004892539698631
-0.000632994051557
0.001503364532255
0.001604155753739
-0.003196266712621
0.000297638529446
0.001269551692531
0.005175527185202
0.007776065263897
0.006694998592138
-0.001695731538348
-0.000984092941508
0.001886598300189
-0.000318273960147
0.001507796812803
-0.002570751821622
0.003269037231803
-0.001003472949378
-0.002212031045929
-0.001393535640091
0.000986759434454
0.011655998416245
0.012095434591174
0.006384093780071
-0.000079885874584
0.003608197206631
-0.008021979592741
-0.023458950221539
0.003798914607614
0.004363537766039
0.007238756865263
-0.003666639560834
0.003081577830017
0.002147230552509
-0.000860248401295
0.006181676406413
0.004720871336758
0.008058231323957
-0.003407884389162
-0.000972298672423
0.004494464024901
0.007489066570997
0.000524612376466
-0.007137259002775
0.005044714547694
-0.002016159938648
-0.291824251413345
-0.138382479548454
-0.287275940179825
0.072447977960110
-0.062038592994213
-0.327763885259628
0.284919857978821
0.288942247629166
0.361761152744293
-0.344643861055374
-0.094233520328999
-0.287257730960846
0.111088879406452
0.266399443149567
-0.034203685820103
-0.122217871248722
0.003407861571759
-0.000519867753610
-0.001463994500227
-0.004802268929780
-0.004530014470220
-0.001318400027230
-0.007129262201488
-0.008713907562196
0.000616142584477
-0.003169563133270
0.003032053122297
-0.000216461819946
0.000382317812182
0.001211992115714
-0.000304707820760
0.002831077203155
0.004084734246135
0.004343602806330
0.000555611448362
0.001964662922546
-0.005630773492157
0.001250938745216
0.002476892666891
0.001611135550775
-0.003580087330192
0.008789025247097
0.001229723566212
0.010650842450559
-0.000111744317110
0.004287471529096
0.003530926303938
-0.000945750623941
0.013564809225500
0.019808808341622
-0.003226575674489
0.010985146276653
0.010241632349789
-0.002450906438753
0.017811633646488
-0.003892300417647
0.004839300177991
-0.008835026063025
0.001668444252573
-0.017105059698224
-0.003832657821476
0.021449482068419
0.008387878537178
0.008876509033144
-0.005409867502749
-0.001282241661102
-0.007442136295140
0.002375588519499
0.001287138788030
0.006277193780988
-0.009708723053336
0.005490538198501
-0.005678129382432
0.005468949209899
-0.006123926490545
0.005539488513023
-0.004442806821316
0.000504813797306
-0.002222344046459
-0.001615465967916
-0.003412648336962
0.000961102137808
-0.002821340691298
0.000208877812838
0.001006121048704
-0.008494446054101
-0.001468714210205
0.000533332524356
-0.003637662390247
0.001324507989921
0.000342763552908
0.002677590353414
-0.000855886784848
0.004161788150668
-0.004128080792725
-0.003213243791834
