-0.001983642578
0.0003356933594
-0.01358032227
-0.004898071289
0.001388549805
-0.01510620117
-0.001831054688
0.002792358398
-0.005630493164
0.0003509521484
-0.0118560791
-0.0004730224609
0.004089355469
0.001663208008
0.0001220703125
-0.001434326172
-0.002624511719
-0.002288818359
0.002822875977
-0.001998901367
-0.0001678466797
-0.0001373291016
-0.004348754883
-0.00129699707
-0.0004577636719
0.003143310547
0.005462646484
0.004486083984
-0.003036499023
-0.002319335938
0.0001373291016
-0.001815795898
-0.001693725586
-0.005706787109
0.0002593994141
-0.00390625
-0.005157470703
-0.004623413086
-0.001022338867
0.009460449219
0.009262084961
0.003494262695
-0.003036499023
0.0009307861328
-0.01097106934
-0.02719116211
0.001342773438
0.002365112305
0.004760742188
-0.005096435547
0.001052856445
0
-0.002517700195
0.003692626953
0.002426147461
0.005477905273
-0.005020141602
-0.002807617188
0.002166748047
0.004898071289
-0.001342773438
-0.008270263672
0.002731323242
-0.003601074219
-0.2943725586
-0.1420288086
-0.2897491455
0.0693359375
-0.06571960449
-0.3300323486
0.2810516357
0.2851257324
0.3577880859
-0.3469543457
-0.09783935547
-0.2900085449
0.1080627441
0.262802124
-0.03761291504
-0.1255187988
0.002166748047
-0.002593994141
-0.004028320312
-0.00830078125
-0.007705688477
-0.003982543945
-0.01092529297
-0.01312255859
-0.001556396484
-0.005996704102
0.001449584961
-0.002365112305
-0.001892089844
-0.0008087158203
-0.002716064453
0.001068115234
0.001831054688
0.002044677734
-0.001251220703
3.051757812e-05
-0.00651550293
-0.0005493164062
0.0004119873047
-0.0003356933594
-0.0048828125
0.005950927734
-0.0005950927734
0.007598876953
-0.001800537109
0.002090454102
0.001434326172
-0.002471923828
0.008880615234
0.01414489746
-0.005325317383
0.006637573242
0.005828857422
-0.004531860352
0.01243591309
-0.006591796875
0.001617431641
-0.009963989258
-0.001602172852
-0.01722717285
-0.005828857422
0.01559448242
0.004241943359
0.004791259766
-0.008499145508
-0.00390625
-0.01104736328
0.0001373291016
-0.0007934570312
0.00471496582
-0.01336669922
0.00390625
-0.008773803711
0.003707885742
-0.009658813477
0.003952026367
-0.007629394531
-0.001693725586
-0.004959106445
-0.004302978516
-0.006317138672
-0.0008239746094
-0.006164550781
-0.001495361328
-0.0008850097656
-0.01351928711
-0.004272460938
-0.001876831055
-0.007186889648
-3.051757812e-05
-0.001678466797
0.00178527832
-0.002822875977
0.003280639648
-0.007446289062
-0.006713867188
