-0.005351747386158
0.005233409814537
-0.010444510728121
-0.021559692919254
0.053284361958504
-0.009048989042640
-0.014430204406381
-0.031455889344215
-0.008140541613102
-0.002380765276030
0.001437124563381
0.002276736777276
0.004561267793179
-0.003442995483056
0.006480038631707
-0.014965477399528
-0.020248511806130
0.023145722225308
-0.003137605730444
-0.024578915908933
-0.008641155436635
0.017834316939116
-0.006921446416527
0.026544932276011
0.021371111273766
0.008135478012264
-0.011315891519189
-0.005003345198929
0.008881067857146
-0.024136209860444
0.022887587547302
-0.001671823789366
-0.002018747851253
0.000244378636125
0.003975080326200
0.000311883835820
0.004814114887267
-0.000714015914127
0.002507047262043
0.004687960725278
-0.002758369548246
0.001662830938585
-0.002069862326607
-0.001142278080806
-0.000455669534858
-0.000214703555685
0.002402619225904
-0.001131344586611
-0.000181009803782
0.002282876521349
0.006129119079560
-0.003077297704294
-0.001450700685382
-0.000930180482101
-0.002383255865425
0.001784298918210
0.000071843838668
-0.002731367945671
0.000628518988378
0.002598917810246
0.001166354166344
-0.001407465548255
-0.002353532472625
-0.004878085572273
0.013222495093942
0.014349531382322
-0.007223404478282
0.018491130322218
0.008740101940930
0.011170963756740
0.006729047745466
0.006746855564415
-0.007422172464430
0.019367588683963
-0.004378426354378
0.013327112421393
0.015832642093301
-0.028408177196980
-0.007410731632262
-0.013993671163917
-0.006267539691180
0.001257502357475
0.014822219498456
0.002737930743024
0.014551355503500
-0.000871410011314
-0.016162440180779
-0.014283015392721
-0.004607833456248
0.015488254837692
0.001338760368526
0.010079904459417
-0.007318845018744
0.010845370590687
-0.005848750937730
0.006123560480773
-0.006272390019149
0.019896928220987
0.002077917335555
0.015956642106175
0.003195089055225
-0.033136796206236
0.002681034617126
-0.004636542405933
0.006030632182956
0.023330299183726
-0.004146893043071
0.006244114134461
-0.004054510500282
-0.010463062673807
0.008064609952271
-0.001321907271631
0.024618331342936
0.035774741321802
-0.006180021911860
0.010978830046952
0.019725805148482
-0.010221987031400
0.036606900393963
-0.006813385058194
0.007871068082750
-0.016681101173162
0.012257704511285
-0.013061986304820
0.004791390150785
0.020266316831112
0.021600527688861
0.000664874445647
-0.017840173095465
0.009687221609056
0.009316190145910
-0.007023620419204
-0.009968273341656
-0.007984773255885
0.019978549331427
0.005475942045450
-0.011852513998747
-0.019854530692101
-0.028320884332061
0.005893136840314
-0.020307123661041
-0.005665375851095
0.008760300464928
-0.000222521193791
0.089107722043991
0.086085736751556
-0.216333642601967
0.296135157346725
-0.104639738798141
-0.302311360836029
-0.280403673648834
-0.233980640769005
-0.279634267091751
0.311404079198837
-0.091417834162712
0.299073755741119
0.339243590831757
-0.037347011268139
0.035445120185614
-0.311041861772537
