-0.009979248047
0.001373291016
-0.01467895508
-0.02711486816
0.05249023438
-0.01354980469
-0.01968383789
-0.03749084473
-0.0125579834
-0.006973266602
-0.002151489258
-0.001602172852
0.0003814697266
-0.008010864258
0.00260925293
-0.01956176758
-0.02345275879
0.01913452148
-0.007064819336
-0.02766418457
-0.01223754883
0.01373291016
-0.01052856445
0.02235412598
0.01713562012
0.00439453125
-0.01489257812
-0.008850097656
0.005126953125
-0.02722167969
0.0191192627
-0.005447387695
-0.003845214844
-0.001403808594
0.002426147461
-0.001235961914
0.00341796875
-0.002487182617
0.001358032227
0.003356933594
-0.004623413086
0
-0.003768920898
-0.00276184082
-0.001953125
-0.001861572266
0.001022338867
-0.002410888672
-0.002136230469
0.001052856445
0.005783081055
-0.005783081055
-0.003463745117
-0.003082275391
-0.004852294922
0.0003814697266
-0.001861572266
-0.005310058594
-0.001159667969
0.001235961914
-0.0003356933594
-0.003433227539
-0.004821777344
-0.007629394531
0.009307861328
0.01020812988
-0.0103302002
0.01467895508
0.004852294922
0.007446289062
0.003448486328
0.003448486328
-0.01020812988
0.01525878906
-0.007766723633
0.009338378906
0.01220703125
-0.03024291992
-0.01049804688
-0.01689147949
-0.008865356445
-0.001266479492
0.0118560791
-0.0004577636719
0.01214599609
-0.004241943359
-0.01887512207
-0.01762390137
-0.008010864258
0.01290893555
-0.001968383789
0.007705688477
-0.01062011719
0.007614135742
-0.009262084961
0.002578735352
-0.009658813477
0.01663208008
-0.001373291016
0.01277160645
7.629394531e-05
-0.03643798828
-0.0006561279297
-0.007919311523
0.002655029297
0.02005004883
-0.007400512695
0.002944946289
-0.007415771484
-0.01365661621
0.005035400391
-0.004470825195
0.01699829102
0.02638244629
-0.008026123047
0.005249023438
0.01264953613
-0.01127624512
0.02714538574
-0.01040649414
0.003646850586
-0.0166015625
0.006561279297
-0.01324462891
0.00163269043
0.01275634766
0.01443481445
-0.003631591797
-0.02333068848
0.006698608398
0.005981445312
-0.01263427734
-0.01463317871
-0.01322937012
0.01948547363
0.002182006836
-0.01664733887
-0.02699279785
-0.03639221191
0.002624511719
-0.02722167969
-0.009429931641
0.005554199219
-0.004379272461
0.08540344238
0.08201599121
-0.2201538086
0.2920379639
-0.1081848145
-0.3059234619
-0.2834472656
-0.2380371094
-0.2832794189
0.3073577881
-0.09468078613
0.2953948975
0.3349609375
-0.04103088379
0.03150939941
-0.3145446777
