0.013440061360598
0.015004355460405
-0.018831096589565
0.007419785950333
-0.030355295166373
0.006716329604387
0.011976743116975
-0.000363644096069
-0.017790284007788
0.006448801141232
-0.017804032191634
0.015744030475616
0.010409799404442
0.002654001116753
0.010761608369648
-0.007215601857752
-0.314140647649765
0.325241655111313
0.129297703504562
-0.342288255691528
0.047484368085861
0.275730222463608
-0.054657954722643
0.342620879411697
0.353141158819199
0.119424156844616
-0.052720345556736
0.116021215915680
0.223650783300400
-0.355517446994781
0.035514742136002
-0.007336291484535
-0.003686761716381
-0.009549423120916
-0.000390551344026
0.005529611837119
0.001080920104869
-0.003441022709012
0.007501565851271
0.006753878667951
-0.007808710914105
-0.001331614912488
0.003159256884828
0.000443636468844
-0.011135824956000
-0.006293471902609
0.004982182756066
-0.000244884227868
0.001386891817674
0.005371429491788
0.005344291683286
-0.009857274591923
0.019560957327485
-0.008631943725049
-0.012964436784387
0.002358434256166
-0.017912760376930
-0.005899522453547
0.011348593048751
0.007641472388059
0.008270802907646
-0.001683561014943
-0.011130772531033
-0.012284673750401
0.002092415001243
0.005503864493221
-0.002815655199811
0.000698677322362
0.016081018373370
0.003400861984119
0.007166819181293
-0.000500275229570
-0.008616133593023
0.010136505588889
0.010264434851706
-0.005780247971416
0.012765417806804
-0.000588645518292
0.000704493897501
0.009500007145107
0.003584594232962
0.002300131367519
0.007398305460811
-0.007817605510354
0.006722154095769
-0.007681161165237
-0.001889456762001
-0.000956983480137
-0.004077841527760
-0.003681733738631
-0.010133010335267
0.003032048465684
-0.009867769666016
-0.000695508671924
-0.009170402772725
-0.022860312834382
-0.000405694881920
-0.001622707932256
-0.002212004037574
0.001375301741064
-0.001930713886395
0.003126399358734
-0.000568794202991
-0.000806529424153
-0.001153369084932
-0.003281254088506
0.001028881873935
0.002557881409302
0.005283671431243
0.000188582940609
0.000080305719166
0.000212394617847
0.009130187332630
0.010912389494479
-0.009460115805268
0.004321405198425
-0.005335223861039
-0.006448241882026
0.005182947497815
0.001238153781742
-0.012174666859210
0.000040142211219
0.004562749527395
-0.016584841534495
-0.004235414322466
0.012572845444083
0.013760483823717
-0.005939655005932
-0.000447029538918
-0.004131649155170
0.014753427356482
-0.011027467437088
0.003352409694344
0.014177773147821
0.008968529291451
-0.007469478063285
0.003504200140014
-0.013976187445223
-0.016417106613517
-0.010263546369970
-0.019339898601174
-0.000778363260906
0.004809614270926
-0.010314281098545
-0.000185563272680
-0.002749157836661
0.001284198137000
0.002016191137955
-0.008922608569264
0.003758277278394
-0.000826226780191
0.001293149427511
0.004267895594239
-0.001379179535434
-0.005669121630490
-0.003611466381699
-0.000939839519560
-0.008278324268758
0.003305432153866
0.003738900180906
