0.01010131836
0.01176452637
-0.02226257324
0.004013061523
-0.03382873535
0.003448486328
0.008575439453
-0.003753662109
-0.02127075195
0.002990722656
-0.02125549316
0.01263427734
0.006942749023
-0.0008850097656
0.007415771484
-0.01042175293
-0.3185424805
0.3227386475
0.1252593994
-0.3466033936
0.0439453125
0.2726135254
-0.05860900879
0.3397521973
0.3503112793
0.1162872314
-0.05700683594
0.1123504639
0.221206665
-0.359954834
0.03196716309
-0.01147460938
-0.008544921875
-0.01473999023
-0.004302978516
0.003860473633
-0.001602172852
-0.00813293457
0.008010864258
0.005599975586
-0.01336669922
-0.005416870117
0.0003356933594
-0.002380371094
-0.01591491699
-0.01068115234
0.003723144531
-0.001373291016
-0.001876831055
0.00309753418
0.003326416016
-0.0143737793
0.01861572266
-0.01284790039
-0.017578125
-0.0003509521484
-0.02291870117
-0.01000976562
0.008697509766
0.004821777344
0.006256103516
-0.004455566406
-0.01547241211
-0.01583862305
-0.0005035400391
0.002395629883
-0.004806518555
-0.001480102539
0.01182556152
0.0006713867188
0.004287719727
-0.002487182617
-0.00959777832
0.006607055664
0.006683349609
-0.007461547852
0.009201049805
-0.002471923828
-0.001617431641
0.006072998047
0.001602172852
0.0001983642578
0.005645751953
-0.0126953125
0.005111694336
-0.01263427734
-0.004928588867
-0.004623413086
-0.008346557617
-0.007049560547
-0.01551818848
0.001007080078
-0.01513671875
-0.004180908203
-0.0143737793
-0.03076171875
-0.001953125
-0.003326416016
-0.004028320312
7.629394531e-05
-0.003631591797
0.002075195312
-0.002182006836
-0.002380371094
-0.002807617188
-0.005233764648
-0.0002899169922
0.001434326172
0.004516601562
-0.001235961914
-0.001312255859
-0.001220703125
0.006225585938
0.007965087891
-0.0121307373
0.001571655273
-0.008529663086
-0.008972167969
0.002166748047
-0.001678466797
-0.01504516602
-0.002243041992
0.001739501953
-0.01908874512
-0.006820678711
0.009643554688
0.01110839844
-0.009078979492
-0.00358581543
-0.007858276367
0.01300048828
-0.01591491699
0.0005950927734
0.01225280762
0.007263183594
-0.01159667969
0.0008087158203
-0.01928710938
-0.02192687988
-0.0146484375
-0.02500915527
-0.00373840332
0.001907348633
-0.01480102539
-0.002304077148
-0.00537109375
-0.0005950927734
0.000244140625
-0.01254272461
0.00227355957
-0.003021240234
-0.0005950927734
0.0029296875
-0.00373840332
-0.008728027344
-0.006286621094
-0.00325012207
-0.0118560791
0.001770019531
0.002288818359
