0.001946166506968
-0.000355960801244
-0.003420508466661
0.000583606713917
0.000996527611278
-0.002788326237351
0.002628239803016
0.003331620711833
-0.000816304527689
0.004790543578565
0.000244320777711
0.000025892310077
0.005695581436157
0.000274538993835
0.004839186556637
0.000302207889035
-0.004466381389648
-0.000698080810253
0.022837825119495
-0.012397397309542
0.009201742708683
0.010207344777882
-0.002616028068587
0.013694028370082
0.013492824509740
0.003984460141510
0.009169515222311
0.030127333477139
-0.009271052666008
-0.015221312642097
0.012065271846950
0.009406258352101
0.001194046344608
-0.002703350968659
-0.002421584213153
-0.003139429260045
-0.004867210518569
-0.004322882741690
0.009792126715183
0.005204363260418
0.010014913044870
-0.000655489217024
-0.004554994869977
0.007925858721137
-0.004087257664651
-0.017280548810959
0.010112640447915
0.010159513913095
0.023529052734375
-0.016312090680003
-0.024722097441554
-0.000761243340094
0.001878838054836
0.007959725335240
0.012422117404640
-0.023051928728819
-0.001423519453965
-0.002946225227788
0.006515143439174
0.012219603173435
-0.008226118050516
-0.013378127478063
0.012174517847598
0.003392650512978
-0.282684117555618
-0.036563791334629
-0.289467841386795
0.002347339875996
-0.041251428425312
-0.298205256462097
0.353910326957703
0.341556102037430
0.367165178060532
-0.266133219003677
0.010305174626410
-0.259214669466019
0.038899172097445
0.261748015880585
0.025463487952948
-0.195228964090347
0.009415821172297
-0.011277127079666
-0.011894469149411
0.003071265527979
-0.004488786682487
-0.004188635386527
0.002353766467422
0.001020113006234
-0.002584044588730
-0.015143067575991
0.003161428030580
-0.013365933671594
0.002411293331534
0.010345305316150
-0.009981724433601
-0.000337367004249
-0.004104885272682
0.001401337794960
0.000500393449329
0.006801525596529
0.001070600119419
0.011622663587332
-0.007972163148224
-0.004616808611900
-0.008756561204791
-0.000235466563026
-0.017024450004101
0.014864974655211
-0.001854319940321
-0.003576401155442
0.006478076800704
0.008348467759788
0.005145260598511
0.009831977076828
-0.005759594496340
0.000231538098888
0.002047995338216
0.000193936895812
0.002786261728033
-0.003857097821310
0.004599781706929
0.003790203249082
-0.002011558739468
-0.014154054224491
-0.008310300298035
0.013291756622493
-0.000470135855721
-0.004833709448576
-0.008863894268870
0.009736692532897
-0.005393777973950
0.001643452560529
-0.004587136674672
0.012114761397243
-0.018394568935037
0.003815827192739
-0.006988924928010
0.020169140771031
-0.005178088787943
0.004235349595547
0.006663305684924
0.005720139946789
-0.000405847240472
0.004015137441456
-0.000754768727347
0.002566966926679
-0.010753466747701
-0.006379403173923
0.002391221001744
-0.006860310211778
0.004364677704871
-0.006057326216251
-0.002861890243366
0.002608986571431
0.002572936937213
0.009795367717743
-0.007531565148383
0.008701188489795
0.009476765990257
-0.007323717232794
