0.0003509521484
-0.001708984375
-0.004425048828
-0.0008697509766
-0.0003967285156
-0.003875732422
0.0009460449219
0.001586914062
-0.002090454102
0.002868652344
-0.001113891602
-0.001327514648
0.00373840332
-0.001190185547
0.002990722656
-0.001068115234
-0.006698608398
-0.003799438477
0.01754760742
-0.01385498047
0.005340576172
0.005996704102
-0.005264282227
0.009155273438
0.008941650391
0.0006866455078
0.005325317383
0.02432250977
-0.0114440918
-0.01635742188
0.008041381836
0.005508422852
-0.002059936523
-0.005798339844
-0.005676269531
-0.006042480469
-0.007934570312
-0.0078125
0.00846862793
0.002868652344
0.007263183594
-0.003875732422
-0.007675170898
0.005432128906
-0.006866455078
-0.02101135254
0.00813293457
0.008728027344
0.02130126953
-0.02038574219
-0.0291595459
-0.004302978516
-0.001403808594
0.004913330078
0.009506225586
-0.02751159668
-0.004852294922
-0.00651550293
0.003448486328
0.009399414062
-0.0121307373
-0.01734924316
0.009246826172
7.629394531e-05
-0.2861175537
-0.04107666016
-0.2927703857
-0.0009460449219
-0.04556274414
-0.3014831543
0.3498535156
0.3376617432
0.3632354736
-0.2696533203
0.005996704102
-0.2629089355
0.03576660156
0.2582092285
0.02145385742
-0.1987609863
0.00798034668
-0.01550292969
-0.01654052734
0.00048828125
-0.007781982422
-0.007919311523
-9.155273438e-05
-0.001861572266
-0.006057739258
-0.02001953125
0.0004577636719
-0.01788330078
-0.0003356933594
0.008651733398
-0.01446533203
-0.003646850586
-0.006988525391
-0.001174926758
-0.002197265625
0.004455566406
-0.001480102539
0.009521484375
-0.01092529297
-0.007461547852
-0.01188659668
-0.0029296875
-0.02038574219
0.01281738281
-0.004653930664
-0.006378173828
0.004302978516
0.006149291992
0.002670288086
0.007431030273
-0.008255004883
-0.002319335938
-0.0005187988281
-0.001968383789
0.0001678466797
-0.006561279297
0.002426147461
0.001876831055
-0.004699707031
-0.01669311523
-0.01089477539
0.01106262207
-0.00309753418
-0.00764465332
-0.01145935059
0.006912231445
-0.00830078125
-0.001327514648
-0.007202148438
0.009231567383
-0.02090454102
0.001052856445
-0.009552001953
0.01713562012
-0.008163452148
0.001525878906
0.003768920898
0.003143310547
-0.003204345703
0.001190185547
-0.003280639648
0.0003204345703
-0.01441955566
-0.009216308594
3.051757812e-05
-0.01028442383
0.002136230469
-0.009353637695
-0.005859375
0.0005493164062
0.0003662109375
0.008483886719
-0.01045227051
0.00700378418
0.007766723633
-0.01077270508
