2.975613283209548321e-01
3.290680644913116515e-01
3.605748006616684154e-01
1.910405174203898826e-01
2.975407087292203032e-02
6.126080704327883236e-02
9.276754321363563094e-02
1.242742793839924365e-01
1.557810155543492281e-01
1.872877517247060197e-01
2.187944878950628391e-01
2.503012240654196585e-01
2.818079602357764224e-01
3.133146964061332418e-01
3.448214325764900612e-01
3.763281687468468251e-01
2.879319132628210265e-01
3.202185937793783355e-01
3.525052742959356444e-01
3.051501732719535953e-01
1.009545086006517628e-01
4.578180938864132715e-02
7.806848990519861531e-02
1.103551704217559104e-01
1.426418509383132194e-01
1.749285314548705006e-01
2.072152119714278096e-01
2.395018924879850908e-01
2.717885730045423998e-01
3.040752535210997087e-01
3.363619340376570177e-01
3.686486145542142712e-01
2.880860284420821982e-01
3.204114197136684328e-01
3.527368109852546674e-01
3.015719369457644516e-01
1.070077522574788831e-01
4.564559390518545257e-02
7.797098517677168716e-02
1.102963764483579218e-01
1.426217677199441425e-01
1.749471589915303771e-01
2.072725502631166117e-01
2.395979415347028463e-01
2.719233328062891086e-01
3.042487240778753432e-01
3.365741153494615778e-01
3.688995066210478124e-01
2.883332480065040615e-01
3.207259757126073030e-01
3.531187034187104890e-01
2.948815272287198530e-01
1.182722235960490531e-01
4.538779021073018061e-02
7.778051791683336658e-02
1.101732456229365525e-01
1.425659733290397524e-01
1.749587010351429384e-01
2.073514287412461243e-01
2.397441564473493103e-01
2.721368841534524963e-01
3.045296118595556822e-01
3.369223395656588682e-01
3.693150672717620542e-01
2.852820447455278741e-01
3.172905596697229158e-01
3.492990745939180131e-01
3.400658491350155854e-01
6.430018209579649313e-02
4.521818281406481121e-02
7.722669773825988071e-02
1.092352126624549641e-01
1.412437275866500197e-01
1.732522425108451170e-01
2.052607574350401864e-01
2.372692723592352559e-01
2.692777872834303254e-01
3.012863022076254227e-01
3.332948171318204644e-01
3.653033320560155617e-01
2.843578968732113910e-01
3.162999943084755516e-01
3.482420917437397123e-01
3.496718144455364663e-01
5.731095757080420516e-02
4.479216610873015120e-02
7.673426354399430493e-02
1.086763609792584795e-01
1.406184584145226402e-01
1.725605558497868008e-01
2.045026532850509615e-01
2.364447507203151222e-01
2.683868481555792829e-01
3.003289455908434435e-01
3.322710430261076042e-01
3.642131404613717649e-01
2.818161978546745994e-01
3.130975180532147295e-01
3.443788382517549151e-01
3.731482751367077855e-01
3.217940949341258072e-02
4.720629636562350545e-02
7.848761656416364252e-02
1.097689367627038004e-01
1.410502569612439305e-01
1.723315771597840884e-01
2.036128973583242463e-01
2.348942175568643764e-01
2.661755377554045343e-01
2.974568579539446644e-01
3.287381781524847946e-01
3.600194983510249802e-01
2.936991460945651555e-01
3.253218575243771449e-01
3.569445689541891897e-01
2.511820249343605371e-01
2.490609894116292689e-02
5.652881037097495093e-02
8.815152180078697497e-02
1.197742332305990060e-01
1.513969446604110369e-01
1.830196560902230540e-01
2.146423675200350711e-01
2.462650789498471160e-01
2.778877903796591053e-01
3.095105018094711502e-01
3.411332132392831951e-01
3.727559246690951844e-01
2.946054337457060801e-01
3.262059576541890826e-01
3.578064815626720296e-01
2.385665925838220958e-01
2.600098052360069745e-02
5.760150443208368609e-02
8.920202834056667474e-02
1.208025522490496495e-01
1.524030761575326520e-01
1.840036000660156268e-01
2.156041239744986016e-01
2.472046478829816041e-01
2.788051717914645788e-01
3.104056956999475814e-01
3.420062196084305839e-01
3.736067435169135309e-01
2.963266064083615592e-01
3.278635079246516870e-01
3.594004094409418149e-01
2.122059305418165231e-01
2.826294351989559056e-02
5.979984503618570452e-02
9.133674655247582541e-02
1.228736480687659394e-01
1.544105495850560394e-01
1.859474511013461673e-01
2.174843526176362674e-01
2.490212541339263952e-01
2.805581556502165230e-01
3.120950571665066509e-01
3.436319586827967232e-01
3.751688601990868510e-01
