0.006490643601865
0.009980430826545
-0.015035036951303
-0.000844711321406
-0.001600660034455
-0.001088668010198
0.007104681804776
-0.005288743413985
-0.006432184483856
0.011522190645337
-0.010169484652579
-0.004584139678627
0.004674094263464
0.002654712414369
0.010493897832930
-0.004426956642419
-0.007292694412172
0.009579143486917
0.004487726371735
-0.006494434550405
0.003764526685700
0.006447050254792
-0.004023276269436
0.005120419431478
0.007870208472013
-0.001637464039959
0.009897936135530
0.005530547350645
0.006510142236948
-0.007218141574413
-0.013099831528962
0.000151985135744
0.003492877120152
-0.005893598776311
0.014153217896819
0.001237768563442
-0.014941003173590
-0.009758218191564
-0.012802126817405
0.010612079873681
-0.020585678517818
-0.014488629065454
-0.017125565558672
0.002108158776537
-0.011521178297698
-0.032775171101093
-0.011944338679314
0.001802858430892
-0.006105815060437
0.006505918689072
-0.002248780801892
-0.004782438278198
-0.004768020939082
0.001001582480967
0.000708706269506
-0.003615624038503
-0.001754703465849
-0.007900687865913
-0.000119785618153
0.000677856558468
-0.003380469977856
-0.001565628452227
-0.003753076307476
-0.009420246817172
0.007644943427294
0.017654176801443
0.005224204622209
-0.001381586887874
0.008886061608791
0.006390116177499
0.001058326335624
0.003800060600042
-0.001217663520947
0.011617537587881
0.005214432720095
0.013956993818283
-0.006537183653563
-0.006323144305497
-0.005045735742897
-0.002795471576974
0.003448674455285
0.001550552435219
-0.001347255078144
-0.012557931244373
0.006601007189602
0.004528050310910
0.011650622822344
0.015393031761050
0.008749880827963
-0.007056600414217
-0.006114899180830
0.001745684072375
-0.007947677746415
-0.002701092977077
-0.007103582378477
-0.006872005760670
-0.040160227566957
0.285506516695023
0.137305319309235
0.263157784938812
-0.317239522933960
-0.156648606061935
0.346057742834091
0.322229266166687
-0.039119899272919
0.194224670529366
-0.318513840436935
0.062886208295822
0.106919698417187
-0.338464647531509
-0.074194028973579
-0.319340884685516
-0.007454681675881
0.001420950982720
-0.011321103200316
0.001894013956189
0.002685006242245
0.007031433749944
0.009048892185092
0.002188749611378
0.004417520482093
-0.001821775105782
-0.018458249047399
-0.005148523952812
-0.011609874665737
0.005634545814246
0.006290707737207
-0.004392504226416
-0.000013941584257
0.002234735060483
0.008378058671951
0.009658868424594
0.003288274165243
0.015906652435660
-0.003251269459724
-0.012810849584639
0.003666481003165
0.006330535281450
-0.003745186841115
-0.013981699943542
-0.003926907666028
0.000969932298176
0.004259978886694
-0.002858889522031
0.006153480615467
-0.004095261450857
-0.006034846883267
0.010591410100460
0.004456799477339
-0.009000696241856
-0.012175108306110
-0.007069177925587
-0.010793884284794
0.013952732086182
-0.006925590336323
0.007904056459665
0.011321100406349
0.009493485093117
0.001508043962531
-0.007662458810955
