0.004013061523
0.007614135742
-0.01803588867
-0.003524780273
-0.004028320312
-0.003707885742
0.004653930664
-0.008178710938
-0.009246826172
0.009246826172
-0.01306152344
-0.007354736328
0.00212097168
-1.525878906e-05
0.008163452148
-0.007080078125
-0.009353637695
0.007019042969
0.001892089844
-0.008590698242
0.001342773438
0.003890991211
-0.006332397461
0.002548217773
0.005233764648
-0.004013061523
0.007385253906
0.002975463867
0.004104614258
-0.00927734375
-0.01528930664
-0.002258300781
-0.001602172852
-0.01173400879
0.0110168457
-0.002960205078
-0.02177429199
-0.01689147949
-0.01684570312
0.008651733398
-0.02931213379
-0.02192687988
-0.02462768555
-0.001815795898
-0.01733398438
-0.04264831543
-0.01747131348
-0.0001678466797
-0.01034545898
0.005844116211
-0.005310058594
-0.008773803711
-0.008590698242
-0.001235961914
-0.001678466797
-0.007202148438
-0.004699707031
-0.01277160645
-0.002685546875
-0.001647949219
-0.006851196289
-0.00456237793
-0.007354736328
-0.01455688477
0.004287719727
0.01292419434
0.002227783203
-0.003341674805
0.005218505859
0.003219604492
-0.00114440918
0.001251220703
-0.003112792969
0.007705688477
0.002105712891
0.009780883789
-0.007797241211
-0.007537841797
-0.0068359375
-0.004913330078
0.001342773438
-0.0004425048828
-0.004241943359
-0.01649475098
0.00471496582
0.001495361328
0.01002502441
0.01321411133
0.005950927734
-0.009765625
-0.009704589844
-0.0004119873047
-0.01181030273
-0.005996704102
-0.01077270508
-0.0108795166
-0.04376220703
0.2822265625
0.1336975098
0.2599945068
-0.3204650879
-0.1599731445
0.3429107666
0.3189697266
-0.04284667969
0.1908569336
-0.3220825195
0.05958557129
0.1033782959
-0.3418731689
-0.07704162598
-0.3226928711
-0.01123046875
-0.001602172852
-0.01513671875
-0.0008087158203
-3.051757812e-05
0.005157470703
0.006881713867
-0.0005035400391
0.002151489258
-0.004486083984
-0.02339172363
-0.008041381836
-0.01542663574
0.003036499023
0.004043579102
-0.007904052734
-0.002456665039
-0.0003509521484
0.005783081055
0.006942749023
0.0008850097656
0.01342773438
-0.005599975586
-0.01556396484
0.001281738281
0.003631591797
-0.006622314453
-0.01675415039
-0.006713867188
-0.001388549805
0.001647949219
-0.00553894043
0.003799438477
-0.007278442383
-0.009536743164
0.008651733398
0.00178527832
-0.01275634766
-0.0158996582
-0.01075744629
-0.0146484375
0.0122833252
-0.01010131836
0.005950927734
0.00944519043
0.007232666016
-0.001235961914
-0.01133728027
