0
0
0
0
0
0
0
0
0
0
0
0
0
0
0
0
0
0
0
0
0
0
0
0
0
0
0
0
0
0
0
0
0
0
0
0
0
0
0
0
0
0
0
0
0
0
0
0
0
0
0
0
0
0
0
0
0
0
0
0
0
0
0
0
0
0
0
0
0
0
0
0
0
0
0
0
0
0
0
0
0
0
0
0
0
0
0
0
0
0
0
0
0
0
0.4549019635
0.490196079
0.6705882549
1
1
0.5882353187
0.3647058904
0
0
0
0
0
0
0
0
0
0
0
0
0
0
0
0
0
0
0
0
0.6627451181
0.9921568632
0.9921568632
0.9921568632
0.9921568632
0.9921568632
0.9921568632
0.8549019694
0.1176470593
0
0
0
0
0
0
0
0
0
0
0
0
0
0
0
0
0
0
0.6627451181
0.9921568632
0.9921568632
0.9921568632
0.8352941275
0.5568627715
0.6901960969
0.9921568632
0.9921568632
0.4784313738
0
0
0
0
0
0
0
0
0
0
0
0
0
0
0
0
0
0.2039215714
0.980392158
0.9921568632
0.8235294223
0.1254902035
0.04705882445
0
0.02352941222
0.8078431487
0.9921568632
0.5490196347
0
0
0
0
0
0
0
0
0
0
0
0
0
0
0
0
0
0.3019607961
0.9843137264
0.8235294223
0.09803921729
0
0
0
0.4784313738
0.9725490212
0.9921568632
0.2549019754
0
0
0
0
0
0
0
0
0
0
0
0
0
0
0
0
0
0
0.1215686277
0.07058823854
0
0
0
0
0.8196078539
0.9921568632
0.9921568632
0.2549019754
0
0
0
0
0
0
0
0
0
0
0
0
0
0
0
0
0
0
0
0
0
0
0
0.4588235319
0.9686274529
0.9921568632
0.7764706016
0.03921568766
0
0
0
0
0
0
0
0
0
0
0
0
0
0
0
0
0
0
0
0
0
0
0.2980392277
0.9686274529
0.9921568632
0.9058823586
0.2470588237
0
0
0
0
0
0
0
0
0
0
0
0
0
0
0
0
0
0
0
0
0
0
0
0.501960814
0.9921568632
0.9921568632
0.5647059083
0
0
0
0
0
0
0
0
0
0
0
0
0
0
0
0
0
0
0
0
0
0
0
0.6901960969
0.9647058845
0.9921568632
0.6235294342
0.04705882445
0
0
0
0
0
0
0
0
0
0
0
0
0
0
0
0
0
0
0
0
0
0
0.09803921729
0.9176470637
0.9921568632
0.9137254953
0.1372549087
0
0
0
0
0
0
0
0
0
0
0
0
0
0
0
0
0
0
0
0
0
0
0
0.7764706016
0.9921568632
0.9921568632
0.5529412031
0
0
0
0
0
0
0
0
0
0
0
0
0
0
0
0
0
0
0
0
0
0
0
0.3058823645
0.9725490212
0.9921568632
0.741176486
0.04705882445
0
0
0
0
0
0
0
0
0
0
0
0
0
0
0
0
0
0
0
0
0
0
0.07450980693
0.7843137383
0.9921568632
0.9921568632
0.5529412031
0
0
0
0
0
0
0
0
0
0
0
0
0
0
0
0
0
0
0
0
0
0
0
0.5254902244
0.9921568632
0.9921568632
0.6784313917
0.04705882445
0
0
0
0
0
0
0
0
0
0
0
0
0
0
0
0
0
0
0
0
0
0
0
0.9725490212
0.9921568632
0.9921568632
0.09803921729
0
0
0
0
0
0
0
0
0
0
0
0
0
0
0
0
0
0
0
0
0
0
0
0
0.9725490212
0.9921568632
0.9921568632
0.1686274558
0.07843137532
0.07843137532
0.07843137532
0.07843137532
0.01960784383
0
0.01960784383
0.07843137532
0.07843137532
0.1450980455
0.5882353187
0.5882353187
0.5882353187
0.5764706135
0.03921568766
0
0
0
0
0
0
0
0
0
0.9725490212
0.9921568632
0.9921568632
0.9921568632
0.9921568632
0.9921568632
0.9921568632
0.9921568632
0.6588235497
0.5607843399
0.650980413
0.9921568632
0.9921568632
0.9921568632
0.9921568632
0.9921568632
0.9921568632
0.9921568632
0.4823529422
0
0
0
0
0
0
0
0
0
0.6823529601
0.9921568632
0.9921568632
0.9921568632
0.9921568632
0.9921568632
0.9921568632
0.9921568632
0.9921568632
0.9921568632
0.9921568632
0.9921568632
0.9764705896
0.9686274529
0.9686274529
0.6627451181
0.4588235319
0.4588235319
0.2235294133
0
0
0
0
0
0
0
0
0
0
0.4627451003
0.4823529422
0.4823529422
0.4823529422
0.650980413
0.9921568632
0.9921568632
0.9921568632
0.6078431606
0.4823529422
0.4823529422
0.160784319
0
0
0
0
0
0
0
0
0
0
0
0
0
0
0
0
0
0
0
0
0
0
0
0
0
0
0
0
0
0
0
0
0
0
0
0
0
0
0
0
0
0
0
0
0
0
0
0
0
0
0
0
0
0
0
0
0
0
0
0
0
0
0
0
0
0
0
0
0
0
0
0
0
0
0
0
0
0
0
0
0
0
0
0
0
0
0
0
0
0
0
0
0
0
0
0
0
0
0
0
0
0
0
0
0
0
0
0
0
0
0
0
0
0
0
0
0
0
0
0
0
0
0
0
0
0
0
0
0
0
0
0
0
0
0
0
0
0
0
0
0
0
0
0
0
0
0
