0.0008697697776
-0.004857149906
0.003943523858
0.002721694531
0.008406691253
0.005578755867
-0.001422214555
0.006794749759
-0.01190645248
-0.003336363006
0.01103267074
0.0007389588282
-0.0005656324793
-0.00862030033
-0.003885134589
0.009348805994
0.00567728281
0.004927535541
-0.02319770493
0.01605564728
-0.02007624321
-0.009103235789
0.01582754403
-0.01525043417
-0.01393051632
0.03353818506
-0.005511212628
-0.01307768933
0.02621491067
0.01442590728
-0.01651244797
0.009857240133
-0.3417407274
0.01944461279
-0.3001244366
-0.08486992121
-0.06886827201
-0.307114929
0.3801429868
0.07557593286
-0.4056954384
-0.2829256058
-0.2184308022
0.009050147608
-0.02702701837
-0.1595861763
0.1122103408
0.3311106861
0.01419605874
-0.009609196335
-0.03219568729
0.01520456001
-0.01433347166
0.01523875445
0.03057634272
-0.01266355813
0.03051056899
0.008336436935
0.01828341
0.002105566906
-0.02117325924
-0.02346330509
0.007072656881
-0.01053222641
0.004062734544
-0.005571619608
0.004687307868
0.005643440876
0.0004738966236
0.001886210986
-0.0006002792506
0.001824378618
0.003436091822
0.002763050143
-0.01538301446
0.003099529538
0.01161491498
-0.004742457531
0.002798338421
-0.01309506595
-0.005563961342
-0.01029531751
0.02066219971
0.007991538383
-0.02321090922
-0.003642679192
0.005943662487
0.007118996698
0.01110844966
-0.009327407926
0.004277552478
-0.01715361699
-0.0004629921459
0.007200380322
0.004269709345
-0.008523982018
0.0009579655598
-0.00998801738
-0.00126166339
-0.01826881804
0.007312764414
0.008795763366
-0.01504549384
-0.004444670863
0.003337359522
0.02073276974
0.004319440108
-0.01310772076
-0.007287700661
0.01439158618
-0.002626993926
0.01546915807
0.01966206729
0.01529327221
-0.005882381927
0.01479843352
0.01500186231
-0.01461191103
0.0143475607
-0.004749815445
0.003465158865
0.004188892897
0.003308574203
-0.01505651418
-0.01466566604
0.02288596705
0.008536051027
0.003762720851
-0.002763648517
0.004280467518
0.00483267894
0.001169296796
-0.002751914784
0.002889505588
0.002192954998
0.001393314684
-0.000663448649
0.003143514507
-0.002379841171
9.260609659e-05
0.002891635289
0.007646191865
0.0003863143211
-0.0003933852422
0.007986560464
1.87939022e-05
-0.002199064009
-0.003052951535
-0.006411299109
0.008589956909
0.002284992719
0.004630529787
0.01493976545
-0.00885569118
-0.01424846612
-0.00672532199
-0.01318506431
-0.01760477759
0.009055121802
0.006422996987
