-0.000847758026794
0.003012541448697
-0.011514399200678
-0.005242730956525
-0.000674082897604
0.012803439982235
-0.005974617786705
-0.000345498381648
-0.012797079980373
0.012599227949977
-0.011742819100618
-0.008238746784627
0.000590071780607
0.000498827430420
-0.005231694784015
0.001551624969579
-0.005900592077523
0.009577675722539
-0.003194466698915
-0.004275907762349
-0.012819202616811
0.004202055744827
-0.001681099878624
0.004002413246781
0.004219799768180
0.011279181577265
-0.001359171350487
-0.003058005822822
0.017088934779167
-0.005571776069701
-0.000062747130869
-0.009741095826030
0.003304932499304
-0.007499645464122
0.005285396240652
0.012396639212966
0.008015709929168
-0.002033515367657
0.004972075112164
0.000293965393212
-0.004198117647320
0.002113896887749
0.002799325622618
-0.007217874284834
-0.001833981485106
0.002111616078764
0.002401552861556
-0.002731418004259
-0.009002443403006
0.004994296003133
0.001543883001432
-0.011027605272830
-0.005993133410811
0.006063214968890
0.011060137301683
-0.001416412182152
-0.000660044897813
-0.006793458480388
-0.000551155360881
0.003159110201523
0.010066692717373
0.004427229519933
0.003819272620603
-0.002500887494534
0.002239048480988
0.002074533840641
0.004062381107360
-0.002936440054327
0.024009531363845
-0.000801885616966
0.000612463452853
-0.007976263761520
0.000268476345809
-0.000599561491981
-0.007617752067745
0.002769194077700
-0.007129498291761
0.003567284205928
0.005418048240244
0.005950741004199
0.006721756421030
0.001036939909682
-0.019062094390392
-0.000915505050216
0.015701642259955
-0.011376227252185
0.008285782299936
-0.001276784809306
-0.013747672550380
0.005675025284290
0.018131559714675
-0.005284978542477
-0.014590298756957
-0.015349528752267
-0.000660204910673
-0.008170618675649
0.127157449722290
0.297969818115234
0.268306374549866
0.206325814127922
-0.275885283946991
-0.103417813777924
0.266631424427032
0.269768953323364
0.093863800168037
0.042724289000034
-0.185140818357468
-0.073949828743935
0.275492548942566
-0.300608128309250
-0.321098774671555
-0.325564503669739
0.005636496469378
0.004929748829454
-0.007435130421072
0.007287066895515
0.001233994378708
0.008825687691569
0.004568341653794
-0.011783822439611
0.002819305984303
0.005045789759606
0.000907957321033
-0.001534650451504
-0.008640513755381
0.008507864549756
0.012577692046762
0.004402649123222
-0.001790873357095
-0.004713395610452
0.001976161263883
0.033735681325197
0.000540107022971
0.046892788261175
-0.044137910008430
0.007424330804497
-0.022096144035459
0.036162450909615
0.013140972703695
0.011062725447118
0.017039194703102
-0.024101361632347
0.020661035552621
0.011306596919894
-0.019168263301253
-0.002073212759569
0.010738127864897
-0.002141733653843
-0.003798887133598
-0.002711565233767
0.003796272212639
0.005591095890850
-0.000659042038023
-0.002307855058461
-0.003148220246658
-0.003872292116284
-0.000317132042255
0.001303359516896
-0.001648473320529
0.003099438268691
