-0.003997802734
0.0003662109375
-0.01539611816
-0.00895690918
-0.003173828125
0.01148986816
-0.009765625
-0.003387451172
-0.01702880859
0.01092529297
-0.01565551758
-0.0119934082
-0.002532958984
-0.002655029297
-0.008834838867
-0.0007476806641
-0.00862121582
0.007385253906
-0.005996704102
-0.006927490234
-0.01599121094
0.001724243164
-0.004272460938
0.00146484375
0.001754760742
0.009124755859
-0.004028320312
-0.005874633789
0.01525878906
-0.008255004883
-0.002655029297
-0.0128326416
0.0009002685547
-0.009750366211
0.002914428711
0.01019287109
0.005798339844
-0.004425048828
0.003265380859
-0.001739501953
-0.006576538086
-0.000244140625
0.0005187988281
-0.009292602539
-0.00390625
-0.0001373291016
0.0003356933594
-0.004440307617
-0.01165771484
0.002899169922
-0.0006866455078
-0.01391601562
-0.00846862793
0.003890991211
0.009033203125
-0.003814697266
-0.003082275391
-0.009475708008
-0.002975463867
0.0008850097656
0.008148193359
0.002304077148
0.001541137695
-0.004791259766
-0.0003051757812
-0.0006256103516
0.00146484375
-0.005187988281
0.02090454102
-0.003219604492
-0.001647949219
-0.01011657715
-0.002014160156
-0.003112792969
-0.01002502441
0.0001525878906
-0.009140014648
0.001251220703
0.002807617188
0.003311157227
0.004470825195
-0.001541137695
-0.02418518066
-0.004821777344
0.01434326172
-0.01623535156
0.006042480469
-0.005187988281
-0.01904296875
0.003265380859
0.01612854004
-0.008605957031
-0.01991271973
-0.02055358887
-0.004577636719
-0.01304626465
0.1234588623
0.2946014404
0.2646331787
0.2031097412
-0.2796325684
-0.1069946289
0.2633514404
0.2663879395
0.09001159668
0.03909301758
-0.1890869141
-0.07778930664
0.2718811035
-0.3045959473
-0.3245391846
-0.3294067383
0.002807617188
0.002075195312
-0.008987426758
0.004409790039
-0.001281738281
0.006164550781
0.001770019531
-0.0132598877
0.0004730224609
0.002777099609
-0.001571655273
-0.003341674805
-0.01008605957
0.005401611328
0.00927734375
0.001724243164
-0.005477905273
-0.0087890625
-0.002517700195
0.0270690918
-0.003311157227
0.04008483887
-0.04521179199
0.002838134766
-0.02491760254
0.02937316895
0.007446289062
0.006423950195
0.01138305664
-0.02653503418
0.01522827148
0.006393432617
-0.02395629883
-0.004837036133
0.009536743164
-0.004928588867
-0.006759643555
-0.005554199219
0.001815795898
0.003692626953
-0.003234863281
-0.005065917969
-0.005874633789
-0.006713867188
-0.002868652344
-0.001068115234
-0.004348754883
0.0009460449219
