0
0
0
0
0
0
0
0
0
0
0
0
0
0
0
0
0
0
0
0
0
0
0
0
0
0
0
0
0
0
0
0
0
0
0
0
0
0
0
0
0
0
0
0
0
0
0
0
0
0
0
0
0
0
0
0
0
0
0
0
0
0
0
0
0
0
0
0
0
0
0
0
0
0
0
0
0
0
0
0
0
0
0
0
0
0
0
0
0
0
0
0
0
0
0
0
0
0
0
0
0
0
0
0
0
0
0
0
0
0
0
0
0
0
0
0
0
0
0
0
0
0
0
0
0
0
0
0
0
0
0
0
0
0
0
0
0
0
0
0
0
0
0
0
0
0
0
0
0
0
0
0
0
0
0
0
0
0
0
0
0
0
0
0
0
0
0
0
0
0
0
0
0
0
0
0
0
0
0
0
0
0
0
0
0
0
0
0
0
0
0
0
0
0
0
0
0
0
0
0
0
0
0.3294117749
0.7254902124
0.6235294342
0.5921568871
0.2352941185
0.1411764771
0
0
0
0
0
0
0
0
0
0
0
0
0
0
0
0
0
0
0
0
0
0
0.870588243
0.9960784316
0.9960784316
0.9960784316
0.9960784316
0.9450980425
0.7764706016
0.7764706016
0.7764706016
0.7764706016
0.7764706016
0.7764706016
0.7764706016
0.7764706016
0.6666666865
0.2039215714
0
0
0
0
0
0
0
0
0
0
0
0
0.2627451122
0.4470588267
0.2823529541
0.4470588267
0.6392157078
0.890196085
0.9960784316
0.8823529482
0.9960784316
0.9960784316
0.9960784316
0.980392158
0.8980392218
0.9960784316
0.9960784316
0.5490196347
0
0
0
0
0
0
0
0
0
0
0
0
0
0
0
0
0
0.06666667014
0.2588235438
0.05490196124
0.2627451122
0.2627451122
0.2627451122
0.2313725501
0.08235294372
0.9254902005
0.9960784316
0.4156862795
0
0
0
0
0
0
0
0
0
0
0
0
0
0
0
0
0
0
0
0
0
0
0
0
0.3254902065
0.9921568632
0.8196078539
0.07058823854
0
0
0
0
0
0
0
0
0
0
0
0
0
0
0
0
0
0
0
0
0
0
0
0.08627451211
0.9137254953
1
0.3254902065
0
0
0
0
0
0
0
0
0
0
0
0
0
0
0
0
0
0
0
0
0
0
0
0
0.5058823824
0.9960784316
0.9333333373
0.1725490242
0
0
0
0
0
0
0
0
0
0
0
0
0
0
0
0
0
0
0
0
0
0
0
0.2313725501
0.9764705896
0.9960784316
0.2431372553
0
0
0
0
0
0
0
0
0
0
0
0
0
0
0
0
0
0
0
0
0
0
0
0
0.521568656
0.9960784316
0.7333333492
0.01960784383
0
0
0
0
0
0
0
0
0
0
0
0
0
0
0
0
0
0
0
0
0
0
0
0.03529411927
0.8039215803
0.9725490212
0.2274509817
0
0
0
0
0
0
0
0
0
0
0
0
0
0
0
0
0
0
0
0
0
0
0
0
0.4941176474
0.9960784316
0.7137255073
0
0
0
0
0
0
0
0
0
0
0
0
0
0
0
0
0
0
0
0
0
0
0
0
0.2941176593
0.9843137264
0.9411764741
0.2235294133
0
0
0
0
0
0
0
0
0
0
0
0
0
0
0
0
0
0
0
0
0
0
0
0.07450980693
0.8666666746
0.9960784316
0.650980413
0
0
0
0
0
0
0
0
0
0
0
0
0
0
0
0
0
0
0
0
0
0
0
0.01176470611
0.7960784435
0.9960784316
0.8588235378
0.1372549087
0
0
0
0
0
0
0
0
0
0
0
0
0
0
0
0
0
0
0
0
0
0
0
0.1490196139
0.9960784316
0.9960784316
0.3019607961
0
0
0
0
0
0
0
0
0
0
0
0
0
0
0
0
0
0
0
0
0
0
0
0.1215686277
0.8784313798
0.9960784316
0.4509803951
0.003921568859
0
0
0
0
0
0
0
0
0
0
0
0
0
0
0
0
0
0
0
0
0
0
0
0.521568656
0.9960784316
0.9960784316
0.2039215714
0
0
0
0
0
0
0
0
0
0
0
0
0
0
0
0
0
0
0
0
0
0
0
0.2392156869
0.9490196109
0.9960784316
0.9960784316
0.2039215714
0
0
0
0
0
0
0
0
0
0
0
0
0
0
0
0
0
0
0
0
0
0
0
0.4745098054
0.9960784316
0.9960784316
0.8588235378
0.1568627506
0
0
0
0
0
0
0
0
0
0
0
0
0
0
0
0
0
0
0
0
0
0
0
0.4745098054
0.9960784316
0.8117647171
0.07058823854
0
0
0
0
0
0
0
0
0
0
0
0
0
0
0
0
0
0
0
0
0
0
0
0
0
0
0
0
0
0
0
0
0
0
0
0
0
0
0
0
0
0
