0.003422680078
-0.002620472107
-0.006176058203
-0.003147326177
-0.00503525557
-0.002356998855
-0.001996560488
-0.01025343034
-0.005307666492
-0.004073777702
0.005851622205
0.002122130478
0.004996791016
0.003869862529
0.0007843139465
0.002457371913
-0.001494374941
0.00417973008
-0.00119012082
-0.0007660724805
-0.0009974424029
0.001759749139
-0.0008262657793
0.001081520109
0.0006230665022
-0.001408268814
-0.001634475891
-0.0006709894515
0.003301243531
-0.0009089125087
-0.001355967368
-0.003924518824
0.002959062811
-0.005205168854
0.005684626289
0.001862446428
-0.003228882561
0.0009361361736
0.003323591081
0.003221475985
-0.00150492345
0.003855405608
-0.006821637042
-0.001494128723
-0.002593740122
-0.001284074504
-0.004241834395
-0.005360637791
-0.002182892757
-0.009989611804
-0.01480924338
0.01698173769
-0.01207807101
0.01547682565
-0.002815686865
-0.004231736995
0.001996011939
0.01540449075
0.008712839335
0.01090332586
-0.003134481143
-0.007657860406
0.00815846771
-0.004713425413
-0.0002917391248
-0.003102482762
2.898443199e-05
0.002783438191
0.001574282534
-0.0009612344438
-0.002063103952
-0.002573868027
0.0005887655425
-0.002196800662
-0.001104283729
-0.0002222958719
-0.005165608134
0.003280614037
0.003714573802
0.005000880919
-0.001661639777
0.008293703198
0.008123931475
-0.00701574469
-0.001062720316
0.0002356663463
0.0006087233196
-0.002074530581
0.002532758983
0.00324019976
-0.01114879921
0.01375829708
-0.008786336519
-0.0004167208099
-0.0008613274549
-0.009263186716
-0.008861361071
-0.006736833137
0.001959911548
-0.007955807261
0.0009530897369
0.008339162916
-0.0004293503298
-0.0003410505597
0.00273394282
-9.217437764e-05
-0.004220584407
0.01597694866
-0.007554513868
-0.002250370337
0.0003423534217
0.003992843907
-0.2780022025
-0.2419186532
0.1986569166
-0.1455405653
-0.291516006
0.3207445443
-0.2652158141
-0.2703760862
0.04341787472
0.2162248641
-0.1258529723
0.2743630111
0.2492129952
-0.3019327521
-0.188851133
-0.195216313
-0.0009995262371
-0.001971106511
0.001749921939
-0.004300877918
-0.001474872581
0.001286496292
-0.00058915111
0.003167423187
-0.002737801522
0.001749414369
0.001242158469
0.00511445431
0.000675845833
-0.0005419585505
-0.0002468579914
0.002376965713
-0.006103427615
-0.003047880251
-0.0008069236646
-0.002000313019
-0.001333689666
-0.000256066327
-0.0002396966156
0.003880431177
0.001098063658
0.001034615096
0.002393714851
-0.0004543369287
-0.0004129385343
0.002263049129
0.0006920762244
-0.001103457878
