-0.000213876875932
0.001531986868940
-0.008656621910632
-0.003249520901591
0.004953444469720
-0.008596079424024
-0.000901651801541
0.002549888566136
0.001005264231935
-0.003440685803071
-0.002286120550707
-0.002155842026696
0.007422791793942
0.004812552593648
-0.000742271367926
-0.005531428381801
-0.005489099305123
0.003708266420290
0.007634725421667
-0.005928318481892
0.008475759066641
0.006448336876929
0.001218436867930
0.005383051000535
0.006066032685339
0.004754938185215
0.004617751110345
0.006142168305814
-0.002360551385209
-0.005753897130489
0.005739872343838
0.007055696565658
-0.002180885057896
-0.013637929223478
0.000767634890508
0.003653208026662
0.001543571939692
-0.008932133205235
-0.004842573776841
0.005275831557810
-0.000318141246680
-0.012158166617155
-0.008160154335201
-0.001160851912573
-0.012230355292559
-0.014218669384718
0.010394901037216
0.007950055412948
0.008540317416191
-0.002170703606680
0.001721952692606
-0.005132630933076
-0.004812614526600
-0.001426297705621
0.010276003740728
0.007619498297572
-0.006931429728866
-0.002721238648519
0.007710569072515
-0.000101720121165
-0.005198110826313
-0.001499198377132
0.018682025372982
-0.017881330102682
-0.307479262351990
-0.074948497116566
-0.306367635726929
-0.015628706663847
-0.062892377376556
-0.323401182889938
0.325478583574295
0.342853039503098
0.347654879093170
-0.305737942457199
-0.059373989701271
-0.277833700180054
0.054150436073542
0.286492407321930
-0.023454520851374
-0.105997689068317
-0.003834630362689
0.007785533089191
0.001171317533590
-0.006029061507434
0.003703105961904
-0.004874778445810
0.007538653444499
0.002559710294008
-0.005034232977778
-0.008625452406704
-0.005057265050709
0.001946364529431
-0.010109694674611
-0.009361495263875
-0.000200589274755
-0.011384410783648
0.003956478089094
-0.001700517022982
0.001473515876569
0.001700391294435
0.000141243974213
-0.002082647290081
0.000944283907302
-0.000197995323106
-0.003802726045251
-0.003420153632760
-0.004867907613516
0.008382451720536
0.000054968320910
-0.002638414269313
0.009165197610855
0.003517953911796
-0.006381571292877
-0.000036645240471
-0.017324544489384
0.015254265628755
0.004571636673063
-0.012627030722797
0.010617469437420
0.001330827362835
0.012641367502511
0.000754180480726
-0.008389847353101
0.001736803678796
-0.008324057795107
0.004168813116848
0.010763576254249
-0.010655730031431
-0.010046462528408
0.008260312490165
-0.003081182483584
0.010009918361902
-0.007945468649268
0.010062919929624
-0.019828224554658
0.008272489532828
-0.015427262522280
0.016486838459969
-0.001027406658977
0.009829428046942
-0.000523488502949
-0.006774102337658
-0.003034068504348
0.012021675705910
-0.003067866666242
0.000207573029911
0.001581924036145
-0.007805265020579
0.002114621922374
0.003237273078412
0.003188671544194
0.005116941407323
0.002765728859231
-0.001422614208423
0.000058138175518
-0.003963840659708
-0.007036285940558
-0.001057272311300
-0.004337422084063
0.005497855134308
