-0.002532958984
-0.0004730224609
-0.01205444336
-0.00602722168
0.003555297852
-0.01203918457
-0.003311157227
0.0006256103516
-0.001052856445
-0.006256103516
-0.004791259766
-0.004684448242
0.006195068359
0.003173828125
-0.00309753418
-0.008499145508
-0.006240844727
0.001205444336
0.004364013672
-0.006561279297
0.005294799805
0.00341796875
-0.0007629394531
0.002487182617
0.003036499023
0.002197265625
0.002029418945
0.00325012207
-0.003799438477
-0.006423950195
0.002990722656
0.004043579102
-0.007125854492
-0.02006530762
-0.003341674805
0.0009765625
-0.001586914062
-0.01510620117
-0.007369995117
0.003173828125
-0.004837036133
-0.01872253418
-0.01336669922
-0.004913330078
-0.01760864258
-0.02056884766
0.009490966797
0.007736206055
0.006118774414
-0.004821777344
-0.0008392333984
-0.008102416992
-0.007568359375
-0.00422668457
0.0078125
0.005157470703
-0.009918212891
-0.005615234375
0.005187988281
-0.002777099609
-0.008041381836
-0.004211425781
0.01647949219
-0.02104187012
-0.3099365234
-0.07862854004
-0.3087921143
-0.01832580566
-0.06637573242
-0.3257293701
0.3218841553
0.3393249512
0.3440856934
-0.3081512451
-0.06278991699
-0.2805633545
0.05145263672
0.2831878662
-0.02659606934
-0.1091308594
-0.00715637207
0.007141113281
-0.001541137695
-0.01042175293
0.002075195312
-0.009246826172
0.006652832031
-9.155273438e-05
-0.009506225586
-0.01300048828
-0.009353637695
4.577636719e-05
-0.01542663574
-0.01454162598
-0.00358581543
-0.01731872559
0.002166748047
-0.003601074219
-0.0003356933594
-7.629394531e-05
-0.001647949219
-0.003936767578
-0.0008544921875
-0.002105712891
-0.005783081055
-0.005355834961
-0.006805419922
0.006698608398
-0.00178527832
-0.004516601562
0.007583618164
0.00178527832
-0.01005554199
-0.003555297852
-0.02061462402
0.01272583008
0.001373291016
-0.01553344727
0.007537841797
-0.001770019531
0.01037597656
-0.001556396484
-0.01200866699
-0.0003662109375
-0.0113067627
0.0008087158203
0.008026123047
-0.01440429688
-0.01316833496
0.005477905273
-0.006317138672
0.007034301758
-0.01100158691
0.007171630859
-0.02294921875
0.005447387695
-0.01861572266
0.01356506348
-0.004211425781
0.006973266602
-0.003677368164
-0.009704589844
-0.006103515625
0.009246826172
-0.005599975586
-0.00178527832
-0.0001983642578
-0.01092529297
0.0003509521484
0.001663208008
0.001663208008
0.003814697266
0.001129150391
-0.003723144531
-0.001937866211
-0.006607055664
-0.01007080078
-0.003265380859
-0.006973266602
0.004257202148
