0.017788609489799 0.015100610442460 0.034884929656982 0.038182351738214 0.018726984038949 0.043728180229664 0.042957466095686 0.943975746631622 0.011230983771384 0.012129324488342
0.025370083749294 0.051806658506393 0.957421958446503 0.061083797365427 0.049322493374348 0.045931924134493 0.033006515353918 0.067073374986649 0.030855048447847 0.039701338857412
0.095681786537170 0.927451550960541 0.056620344519615 0.057353395968676 0.034945879131556 0.083038412034512 0.034441441297531 0.037169829010963 0.035598505288363 0.054989207535982
0.927626609802246 0.011783852241933 0.051406048238277 0.032338690012693 0.092388793826103 0.053826466202736 0.059996325522661 0.031149121001363 0.064505711197853 0.058834001421928
0.076398931443691 0.023200906813145 0.022971222177148 0.019310554489493 0.941491127014160 0.035018887370825 0.048438359051943 0.063090682029724 0.073489896953106 0.024266488850117
0.050095047801733 0.937710702419281 0.076670631766319 0.043271571397781 0.035485830157995 0.074768818914890 0.021261937916279 0.032350581139326 0.023971371352673 0.032033991068602
0.024636853486300 0.029085360467434 0.035905297845602 0.023738695308566 0.931138157844543 0.035112518817186 0.106293804943562 0.039829984307289 0.021320426836610 0.030818844214082
0.045392688363791 0.026974357664585 0.064506001770496 0.040484473109245 0.075599387288094 0.113580524921417 0.065164886415005 0.038738507777452 0.059938687831163 0.926717698574066
0.064605161547661 0.024512147530913 0.029379233717918 0.030297782272100 0.034271933138371 0.879366874694824 0.052948962897062 0.022014059126377 0.256011724472046 0.044508237391710
0.071600630879402 0.067595317959785 0.009764751419425 0.010559577494860 0.054793581366539 0.039411883801222 0.051582563668489 0.074071526527405 0.055075783282518 0.934353649616241
0.929440796375275 0.011760356836021 0.029819706454873 0.031724393367767 0.076598286628723 0.044617809355259 0.019688688218594 0.044008981436491 0.041471380740404 0.017063299193978
0.067987874150276 0.035597652196884 0.034441176801920 0.061675526201725 0.025448352098465 0.084622614085674 0.950660169124603 0.052971847355366 0.017780080437660 0.045300375670195
0.031944420188665 0.008302337490022 0.046282302588224 0.009244590066373 0.016255907714367 0.015166237019002 0.038743346929550 0.047390241175890 0.005065869074315 0.948395192623138
0.912897527217865 0.007709980476648 0.051695860922337 0.043800897896290 0.030837027356029 0.028550339862704 0.041409723460674 0.024945473298430 0.026494707912207 0.020352713763714
0.067632950842381 0.945601344108582 0.031053755432367 0.044978871941566 0.082338154315948 0.035867411643267 0.016329798847437 0.039300177246332 0.028709586709738 0.012742447666824
0.106029510498047 0.040887627750635 0.038878306746483 0.084891520440578 0.013117322698236 0.939034163951874 0.019616613164544 0.020599653944373 0.023763751611114 0.043481353670359
0.057172700762749 0.026021985337138 0.019323781132698 0.012194469571114 0.150028869509697 0.020467078313231 0.043890349566936 0.070924311876297 0.033032942563295 0.953941762447357
0.020899606868625 0.041755173355341 0.030632399022579 0.047171048820019 0.003870429936796 0.089451469480991 0.027143429964781 0.931935131549835 0.026239925995469 0.013548473827541
0.045002881437540 0.009049584157765 0.094640679657459 0.675910055637360 0.083099670708179 0.157825648784637 0.014644970186055 0.081505149602890 0.119490958750248 0.417527198791504
0.018051657825708 0.022828958928585 0.032819241285324 0.033299364149570 0.958199739456177 0.025740923359990 0.015888914465904 0.037660971283913 0.041380189359188 0.015790412202477
0.031168565154076 0.104388773441315 0.019278382882476 0.023653229698539 0.026957059279084 0.056715719401836 0.021613283082843 0.082657821476460 0.037264622747898 0.935965001583099
0.030132692307234 0.027654875069857 0.055929724127054 0.018100496381521 0.031767927110195 0.030750861391425 0.947698175907135 0.030793204903603 0.030212877318263 0.034688923507929
0.030476406216621 0.030498625710607 0.021098608151078 0.025014838203788 0.029497304931283 0.044163014739752 0.935910701751709 0.027657018974423 0.094270803034306 0.024575617164373
0.016822522506118 0.015262665227056 0.030936811119318 0.075986959040165 0.033098705112934 0.953200101852417 0.016232578083873 0.009596255607903 0.020579189062119 0.038812402635813
0.047572456300259 0.041919231414795 0.025459755212069 0.030647641047835 0.934262573719025 0.024952834472060 0.035746946930885 0.054110258817673 0.033939849585295 0.045978303998709
0.909266114234924 0.022275652736425 0.072455577552319 0.039087202399969 0.031466752290726 0.059648286551237 0.039593931287527 0.060982290655375 0.134374380111694 0.037565410137177
0.016062581911683 0.048910263925791 0.016555903479457 0.045649945735931 0.014914271421731 0.071803025901318 0.025537705048919 0.905317008495331 0.029165627434850 0.023391081020236
0.020746709778905 0.013533954508603 0.031820986419916 0.019385576248169 0.953150689601898 0.014683172106743 0.017849234864116 0.046600867062807 0.020381012931466 0.012805305421352
0.923134922981262 0.028610741719604 0.035398300737143 0.035697475075722 0.020192500203848 0.031978838145733 0.025334717705846 0.023663979023695 0.022203167900443 0.023836260661483
0.055963210761547 0.932707309722900 0.022625951096416 0.040942464023829 0.030574018135667 0.033005535602570 0.008477074094117 0.035410374403000 0.042328994721174 0.016404783353209
0.024059152230620 0.025001307949424 0.065257832407951 0.954077661037445 0.017350915819407 0.036701794713736 0.027733672410250 0.077632457017899 0.037412989884615 0.018076537176967
0.036446500569582 0.938580632209778 0.021644342690706 0.063075810670853 0.058889705687761 0.083282224833965 0.011323142796755 0.032506886869669 0.057725194841623 0.016201680526137
0.014559772796929 0.015290847979486 0.049364782869816 0.949294686317444 0.011780666187406 0.049820002168417 0.035225603729486 0.062742769718170 0.037625867873430 0.016466896981001
0.118105113506317 0.017625641077757 0.111345224082470 0.023129124194384 0.912816286087036 0.044453807175159 0.059193275868893 0.027240071445704 0.069181539118290 0.081530772149563
0.029399288818240 0.049764856696129 0.070596650242805 0.024040749296546 0.091457992792130 0.041058890521526 0.023999042809010 0.939483344554901 0.047217369079590 0.013797740451992
0.025526592507958 0.009221365675330 0.949883818626404 0.091120250523090 0.027192322537303 0.033956307917833 0.047755930572748 0.086748756468296 0.057466514408588 0.041913375258446
0.027484288439155 0.027226665988564 0.078603290021420 0.091114819049835 0.016351943835616 0.062697410583496 0.040495917201042 0.924174010753632 0.031024828553200 0.020951213315129
0.063747532665730 0.950451552867889 0.030631002038717 0.067521564662457 0.061946988105774 0.071008630096912 0.012979567050934 0.020778886973858 0.043897926807404 0.021232049912214
0.067254744470119 0.207460179924965 0.950548350811005 0.105584770441055 0.040094170719385 0.066468082368374 0.031271111220121 0.092894732952118 0.065479189157486 0.036789339035749
0.069421745836735 0.941942512989044 0.018734119832516 0.020185440778732 0.074194289743900 0.028264006599784 0.023143239319324 0.015794804319739 0.040230181068182 0.032336339354515
0.058052591979504 0.919365465641022 0.026410190388560 0.093975052237511 0.057176887989044 0.078671395778656 0.023928072303534 0.045439593493938 0.028328686952591 0.027922339737415
0.056687377393246 0.052828520536423 0.107745364308357 0.035381611436605 0.014083435758948 0.018099628388882 0.026291040703654 0.780833840370178 0.023170068860054 0.013840464875102
0.017630184069276 0.022622691467404 0.070722267031670 0.084294959902763 0.934393525123596 0.048026811331511 0.034245312213898 0.030821051448584 0.018206859007478 0.038544315844774
0.035311244428158 0.076213590800762 0.812556207180023 0.046590294688940 0.052985109388828 0.034593399614096 0.031607348471880 0.031624339520931 0.025162825360894 0.029841322451830
0.023099346086383 0.018473964184523 0.064213283360004 0.926205039024353 0.019402408972383 0.060113303363323 0.026322931051254 0.122680574655533 0.053497049957514 0.028449196368456
0.063419759273529 0.038462407886982 0.015871368348598 0.042472817003727 0.041918661445379 0.955171227455139 0.033140666782856 0.026899078860879 0.039959043264389 0.037609957158566
0.029851619154215 0.937298536300659 0.042106408625841 0.064232386648655 0.055522382259369 0.087981276214123 0.026253011077642 0.027711283415556 0.072236731648445 0.048633843660355
0.033606119453907 0.042444624006748 0.967040836811066 0.097334712743759 0.014305939897895 0.023580366745591 0.057644575834274 0.018993407487869 0.046284750103951 0.039434537291527
0.011069327592850 0.053107317537069 0.029916580766439 0.052848789840937 0.937714815139771 0.032378047704697 0.031653616577387 0.026316637173295 0.036328930407763 0.025798523798585
0.046535793691874 0.014569797553122 0.044629663228989 0.045956611633301 0.944318592548370 0.024911997839808 0.034970488399267 0.026628455147147 0.024849386885762 0.032085753977299
