-0.002255106111988
-0.003440874163061
0.002445369726047
-0.002838814631104
0.003564784070477
-0.000986182480119
-0.003705180948600
-0.003493581200019
-0.004212599247694
-0.002647307468578
0.000074528405094
0.005000791512430
0.000621265906375
0.002791362581775
0.007464629597962
0.005257694981992
-0.002393029397354
0.001206590444781
0.005478366743773
-0.003582313423976
0.007881700061262
0.002585095120594
0.006122753489763
0.001682921079919
0.004264390561730
0.000746893871110
0.000336706667440
-0.000702391727827
-0.000397907977458
-0.004606665577739
-0.004669634159654
0.003467428963631
0.010000691749156
-0.005643663462251
0.018673270940781
0.012481027282774
-0.002640478778630
0.000546956725884
-0.008649877272546
0.011693060398102
0.005196274723858
0.016888173297048
-0.004788871854544
0.025455556809902
-0.009594041854143
-0.009352354332805
-0.014509870670736
-0.014437858946621
-0.304444789886475
0.211429461836815
0.279710978269577
-0.231056988239288
0.289256572723389
-0.228801190853119
-0.227852761745453
0.070831671357155
-0.229745551943779
-0.264093250036240
-0.245639845728874
-0.157713294029236
0.257465898990631
0.262760311365128
-0.235933393239975
0.201135292649269
0.004411781206727
-0.004349088296294
0.002256679814309
-0.002762897172943
0.005077803507447
0.002202606759965
-0.002425142331049
-0.003233530092984
-0.000025281296985
0.002838519634679
0.002734947949648
0.001581219607033
0.003022714983672
-0.002263241680339
-0.002874619094655
0.000215355699765
0.015295634977520
-0.013209833763540
0.000760922790505
-0.003467381000519
0.003485841210932
-0.016694508492947
-0.005894010886550
-0.025119083002210
-0.012578720226884
-0.007769888266921
-0.002382754115388
-0.010242426767945
0.003959447145462
-0.015881789848208
-0.020456623286009
-0.009420583955944
0.003713424550369
0.011218515224755
-0.007909601554275
0.012751065194607
-0.007447833195329
0.001381317968480
0.006217752117664
0.007979608140886
-0.015464351512492
-0.000041351471737
-0.008843372575939
0.013001061044633
0.005646056961268
-0.003782417392358
0.001642730436288
-0.013452519662678
0.018680695444345
0.024530822411180
-0.015949163585901
0.016666403040290
0.010295731015503
-0.018976926803589
0.022629119455814
-0.001964783528820
-0.011655240319669
-0.002644001273438
0.010134610347450
-0.021838111802936
-0.008348492905498
0.023704577237368
0.010132513009012
-0.003859535092488
0.006242332048714
-0.001999999629334
-0.000810436089523
-0.000641959952191
0.001616996130906
0.017384029924870
-0.017602751031518
-0.006781427655369
-0.003667645854875
0.000374897470465
-0.016037056222558
-0.007711426354945
0.015907505527139
-0.010978976264596
-0.001067282282747
-0.002436267677695
0.002435433445498
-0.009930006228387
0.001335124950856
-0.000841380388010
0.002696967450902
0.001444641849957
0.003331547603011
-0.002658999757841
-0.001331615960225
-0.000337927456712
-0.010416544042528
-0.001409500371665
-0.001611873856746
0.002182563534006
-0.002197106368840
0.003454602323472
