-0.004470825195
-0.005752563477
0.0007476806641
-0.005126953125
0.001998901367
-0.003036499023
-0.006057739258
-0.005813598633
-0.006530761719
-0.004928588867
-0.001831054688
0.003524780273
-0.001358032227
0.001007080078
0.006134033203
0.003860473633
-0.003784179688
-0.0007171630859
0.003280639648
-0.004913330078
0.005737304688
0.0005340576172
0.004058837891
-0.0003662109375
0.00212097168
-0.001022338867
-0.001510620117
-0.002532958984
-0.002182006836
-0.005874633789
-0.006225585938
0.001495361328
0.005020141602
-0.009414672852
0.01376342773
0.008651733398
-0.00617980957
-0.003982543945
-0.009994506836
0.008453369141
0.0005340576172
0.01208496094
-0.008728027344
0.02114868164
-0.01260375977
-0.01287841797
-0.01705932617
-0.01571655273
-0.3064422607
0.2077026367
0.2760467529
-0.2350006104
0.2851409912
-0.2318267822
-0.2309265137
0.0669708252
-0.2326965332
-0.2675628662
-0.2487182617
-0.1610717773
0.2531280518
0.2588195801
-0.2389678955
0.1976165771
0.003005981445
-0.006484985352
0.0006561279297
-0.004653930664
0.003616333008
0.0006408691406
-0.004348754883
-0.005172729492
-0.001724243164
0.001312255859
0.001098632812
-4.577636719e-05
0.001556396484
-0.004104614258
-0.004821777344
-0.001525878906
0.01487731934
-0.01849365234
-0.003631591797
-0.008605957031
0.0009918212891
-0.0246887207
-0.01005554199
-0.03443908691
-0.01982116699
-0.01257324219
-0.00764465332
-0.01516723633
0.0002593994141
-0.0237121582
-0.02912902832
-0.01667785645
0.0009613037109
0.008728027344
-0.01112365723
0.0103302002
-0.01042175293
-0.001373291016
0.003616333008
0.005386352539
-0.01887512207
-0.002868652344
-0.0119934082
0.01055908203
0.002914428711
-0.006759643555
-0.001068115234
-0.01669311523
0.01383972168
0.01937866211
-0.01860046387
0.01222229004
0.005874633789
-0.02117919922
0.01763916016
-0.005706787109
-0.01448059082
-0.005386352539
0.005813598633
-0.02374267578
-0.01121520996
0.01860046387
0.005996704102
-0.007690429688
0.003784179688
-0.00537109375
-0.004241943359
-0.004058837891
-0.001266479492
0.01565551758
-0.02201843262
-0.01054382324
-0.006881713867
-0.002944946289
-0.02084350586
-0.01159667969
0.01402282715
-0.01487731934
-0.004318237305
-0.005844116211
0.0006713867188
-0.01399230957
-0.000732421875
-0.003158569336
0.0009307861328
-0.0006256103516
0.001647949219
-0.005462646484
-0.003860473633
-0.002548217773
-0.0145111084
-0.003814697266
-0.004058837891
0.0002746582031
-0.004760742188
0.001754760742
