0.012224815785885
-0.010298102162778
0.008212020620704
0.010974665172398
-0.007433766964823
0.032706741243601
-0.000073438030086
-0.015882361680269
-0.018842145800591
0.012071354314685
-0.003031542059034
0.015269353985786
0.012425751425326
0.037577018141747
-0.005248303059489
0.004004836548120
0.000218577901251
0.004766800440848
0.001572972629219
-0.002195079578087
0.000794884224888
0.002517991699278
-0.016647720709443
0.003095510648564
0.002606659661978
0.002154437825084
-0.007920742966235
0.007537574507296
0.007117344532162
-0.003676653839648
0.000489550177008
0.009032063186169
0.001943591982126
-0.008730073459446
-0.000527801457793
-0.008955115452409
-0.013915250077844
-0.003569674445316
0.000176627407200
0.003468656679615
-0.000677377625834
0.006512326188385
0.007175228558481
-0.008039606735110
0.009413257241249
-0.014783613383770
-0.001333169755526
-0.004025544039905
-0.013260755687952
-0.004160144366324
0.000391896610381
0.003736493177712
-0.006388032343239
0.010148410685360
0.002188225742429
0.004539985675365
-0.004771790932864
-0.002202564151958
0.002960640471429
-0.010338580235839
-0.005340827628970
-0.016463873907924
-0.006234905682504
-0.007723905611783
0.006940165068954
-0.002577618928626
0.001870029373094
0.004757357761264
-0.013552582822740
0.003987330012023
-0.001945805503055
0.001460892381147
-0.004302115179598
0.012093429453671
-0.012652710080147
0.003456324571744
0.010362884029746
-0.006430633366108
-0.000464415265014
-0.020056912675500
-0.159773498773575
-0.083283402025700
0.019028013572097
0.145697236061096
-0.212134107947350
0.252466648817062
-0.226134493947029
0.066947422921658
0.286255747079849
-0.227068960666656
0.170981213450432
-0.120682679116726
0.243636384606361
0.256009072065353
0.277815133333206
0.418916910886765
0.004339070059359
-0.012085380963981
-0.000466543802759
-0.000344925356330
0.005679847206920
0.027739608660340
-0.011476911604404
-0.011969072744250
0.007147755473852
-0.005833056755364
-0.028337845578790
-0.004419106524438
-0.001685242052190
-0.002014279598370
-0.021496636793017
0.013596611097455
0.001944693736732
-0.007826524786651
-0.006087038200349
-0.006409597117454
-0.009530097246170
-0.007493144366890
-0.005833320785314
0.004901405423880
-0.006015528924763
0.002432764973491
0.005060268566012
-0.004668342415243
-0.005712632555515
0.003030950436369
0.000199851681828
0.002227265620604
-0.060013823211193
0.026195399463177
0.023265967145562
0.059667900204659
-0.023658420890570
0.029421117156744
-0.052279543131590
0.093710988759995
-0.080018557608128
0.078643530607224
0.085918962955475
0.103525720536709
0.020422000437975
-0.075280472636223
0.056239958852530
0.065404191613197
-0.000398620322812
0.001327680656686
0.002079117577523
-0.006036605220288
0.002986361738294
0.008546181954443
0.000433896057075
0.022703327238560
0.019841060042381
-0.011303894221783
0.016785152256489
-0.011928307823837
-0.015783451497555
0.004183374345303
-0.002968437504023
0.010941309854388
