0.007568359375
-0.01371765137
0.004653930664
0.006317138672
-0.01007080078
0.02716064453
-0.004150390625
-0.0188293457
-0.0213470459
0.00732421875
-0.00602722168
0.01089477539
0.00764465332
0.0313873291
-0.008666992188
0.0007629394531
-0.002044677734
0.002365112305
-0.0009307861328
-0.004470825195
-0.001571655273
7.629394531e-05
-0.01947021484
0.0005645751953
9.155273438e-05
-0.0002136230469
-0.01057434082
0.00520324707
0.004867553711
-0.005996704102
-0.001876831055
0.006774902344
-0.001892089844
-0.01393127441
-0.004592895508
-0.01387023926
-0.01971435547
-0.008285522461
-0.001586914062
0.001052856445
-0.0048828125
0.003692626953
0.004791259766
-0.0128326416
0.00798034668
-0.02085876465
-0.004409790039
-0.00666809082
-0.01873779297
-0.007873535156
-0.002426147461
0.001068115234
-0.01037597656
0.008758544922
-0.0007019042969
0.002258300781
-0.008850097656
-0.005905151367
0.0001983642578
-0.01528930664
-0.009292602539
-0.02235412598
-0.01054382324
-0.01205444336
0.00456237793
-0.006362915039
-0.0009765625
0.002319335938
-0.01824951172
0.001327514648
-0.005157470703
-0.001373291016
-0.007659912109
0.01016235352
-0.01731872559
0.0005950927734
0.008605957031
-0.01000976562
-0.003753662109
-0.02523803711
-0.1644439697
-0.08599853516
0.01303100586
0.1389160156
-0.2189178467
0.2464904785
-0.2321166992
0.05960083008
0.2808990479
-0.2342834473
0.1648406982
-0.1241455078
0.2382659912
0.2510070801
0.2723846436
0.4136505127
0.0009765625
-0.01663208008
-0.004272460938
-0.004043579102
0.002517700195
0.02612304688
-0.01599121094
-0.01654052734
0.003921508789
-0.009887695312
-0.03410339355
-0.008407592773
-0.005477905273
-0.005798339844
-0.02656555176
0.0110168457
-0.0009613037109
-0.01304626465
-0.009963989258
-0.01104736328
-0.01504516602
-0.01152038574
-0.01065063477
0.002899169922
-0.01010131836
0.0008087158203
0.003067016602
-0.007736206055
-0.009460449219
0.000244140625
-0.002853393555
-0.0004730224609
-0.06365966797
0.01789855957
0.01495361328
0.0496673584
-0.02850341797
0.02128601074
-0.05558776855
0.08325195312
-0.08309936523
0.06796264648
0.07467651367
0.09294128418
0.01165771484
-0.07809448242
0.04698181152
0.05586242676
-0.003341674805
-0.001708984375
-0.001251220703
-0.008560180664
-0.0002288818359
0.0048828125
-0.002777099609
0.01843261719
0.01574707031
-0.01358032227
0.01301574707
-0.0140838623
-0.01791381836
0.001022338867
-0.005844116211
0.007186889648
