-0.001479797065258
-0.004397994838655
-0.020020157098770
-0.003903655335307
-0.001064355601557
-0.026698371395469
0.003724839538336
0.022768747061491
-0.002042823936790
0.009898572228849
0.000541681074537
0.007089496124536
0.014891993254423
0.001249725231901
0.009902069345117
0.002753790002316
0.000562676868867
0.001591612468474
-0.001452001044527
0.001314606051892
0.002689004177228
0.000466807687189
-0.006208484061062
-0.000659333309159
-0.000199558780878
0.007061520125717
-0.000480491056805
0.004287509713322
0.006900101900101
0.001545453793369
0.004553104285151
-0.004451395943761
-0.012838530354202
-0.014811964705586
-0.002710648579523
0.008208629675210
0.008982629515231
-0.008048546500504
0.015008448623121
-0.005731102544814
-0.001798690296710
-0.014296355657279
-0.024405373260379
-0.004245246760547
0.003832265269011
-0.006675938609987
-0.005492337979376
0.014781886711717
-0.007470804266632
0.004740799311548
0.018745142966509
-0.013400634750724
0.009184715338051
0.000626582244877
-0.003370192367584
0.026727544143796
-0.019476119428873
-0.007847167551517
0.004174247384071
-0.005647834390402
0.006267521996051
0.007010844070464
-0.003177606733516
0.010170671157539
-0.281408876180649
-0.152894675731659
-0.274607598781586
-0.018248993903399
-0.039737585932016
-0.304266512393951
0.315224379301071
0.260142624378204
0.317886859178543
-0.285048425197601
-0.173907756805420
-0.305088877677917
0.082549184560776
0.316637605428696
-0.062571570277214
-0.188713565468788
0.002363832201809
-0.000079812409240
-0.012121416628361
-0.002241511363536
0.010114612989128
0.002906352048740
-0.009572043083608
0.000706103630364
0.005107872188091
-0.014584500342607
0.001793377334252
-0.001552810310386
-0.002233209554106
0.002652632771060
0.001796855707653
0.000638586934656
0.017029879614711
-0.001397967222147
-0.009561406448483
0.006437767297029
0.004163964185864
0.006025127600878
-0.005096781067550
-0.006796193309128
-0.008678373880684
-0.005243021994829
-0.008374422788620
-0.002892095129937
-0.019682008773088
-0.002483153715730
0.003363132476807
0.009275540709496
0.005228811409324
0.009617110714316
-0.002433329587802
0.001450715470128
0.003977848682553
0.002016791608185
0.010955112986267
-0.006199348717928
0.009812613949180
-0.002761789830402
-0.008650870993733
-0.007721215486526
-0.002067083260044
0.011045549996197
0.005997469183058
0.001471818774007
-0.003616113681346
0.008291774429381
-0.008663198910654
-0.000719899311662
-0.008580226451159
-0.001219157595187
0.002264314796776
-0.004186181817204
0.001499588717707
-0.003423049347475
-0.006890535820276
-0.008153798989952
-0.003436298342422
0.008071500808001
-0.012532648630440
0.000529671669938
-0.001547543448396
0.004475368652493
-0.007591935340315
0.006139796692878
-0.003612026106566
-0.014156287536025
0.001109485514462
-0.003638541325927
-0.002396001014858
-0.005177607759833
-0.007077522110194
0.007201457396150
0.003259223653004
-0.008412132970989
-0.014942211098969
-0.015638509765267
