-0.004974365234
-0.007965087891
-0.02307128906
-0.007522583008
-0.003753662109
-0.03019714355
0.0002136230469
0.01957702637
-0.005279541016
0.006439208984
-0.002243041992
0.003982543945
0.01147460938
-0.002380371094
0.006729125977
3.051757812e-05
-0.001098632812
-0.0002136230469
-0.003158569336
-0.0003662109375
0.0008697509766
-0.001312255859
-0.007675170898
-0.002410888672
-0.001983642578
0.005111694336
-0.002182006836
0.002380371094
0.004974365234
-0.0001220703125
0.002670288086
-0.00602722168
-0.02001953125
-0.02153015137
-0.007965087891
0.005462646484
0.006378173828
-0.01435852051
0.0153503418
-0.00993347168
-0.007171630859
-0.02128601074
-0.03262329102
-0.008773803711
0.0007781982422
-0.01196289062
-0.009750366211
0.01502990723
-0.01045227051
0.001647949219
0.01564025879
-0.0166015625
0.006011962891
-0.002471923828
-0.006423950195
0.02342224121
-0.02250671387
-0.01100158691
0.001037597656
-0.008758544922
0.003051757812
0.003875732422
-0.006271362305
0.007095336914
-0.2839508057
-0.1569061279
-0.2771148682
-0.02133178711
-0.04379272461
-0.3065948486
0.3106079102
0.2558288574
0.3134307861
-0.2877044678
-0.1774749756
-0.3077545166
0.07913208008
0.312286377
-0.0661315918
-0.1919555664
0.0002288818359
-0.002471923828
-0.01605224609
-0.005233764648
0.008804321289
0.0004730224609
-0.01304626465
-0.001937866211
0.002883911133
-0.01870727539
-0.000732421875
-0.004058837891
-0.005172729492
0.0001525878906
-0.0007629394531
-0.002166748047
0.01560974121
-0.004638671875
-0.01370239258
0.004028320312
0.001831054688
0.003692626953
-0.008712768555
-0.01057434082
-0.01261901855
-0.008819580078
-0.01206970215
-0.006164550781
-0.02470397949
-0.00553894043
0.0009155273438
0.007400512695
0.002487182617
0.006622314453
-0.004440307617
-0.0009613037109
0.001342773438
-0.0002136230469
0.007888793945
-0.008239746094
0.007049560547
-0.004608154297
-0.01052856445
-0.00927734375
-0.004043579102
0.007995605469
0.003295898438
-0.001007080078
-0.006988525391
0.007064819336
-0.01350402832
-0.004104614258
-0.0129699707
-0.004486083984
0.0003662109375
-0.007995605469
-0.0008087158203
-0.007415771484
-0.0115814209
-0.01278686523
-0.007308959961
0.007308959961
-0.01824951172
-0.002380371094
-0.004516601562
0.002227783203
-0.01293945312
0.004943847656
-0.007675170898
-0.0209197998
-0.002380371094
-0.008316040039
-0.00666809082
-0.008636474609
-0.01188659668
0.00634765625
0.001434326172
-0.01332092285
-0.02105712891
-0.02272033691
