0.008162279613316
0.005378054920584
-0.011591841466725
-0.000339572812663
0.005114002153277
-0.004115514457226
0.001273588975891
-0.000057413104514
-0.010051713325083
0.000557239225600
0.000832447374705
-0.003108230419457
0.004516307730228
-0.000909415597562
-0.003809994552284
-0.003808374516666
-0.012900554575026
0.020297061651945
-0.000768548867200
-0.007740898057818
-0.007642911747098
0.012671114876866
-0.003779116785154
0.008822298608720
0.006280009169132
0.011441796086729
-0.003006243146956
0.011684865690768
0.018095290288329
-0.008281460963190
0.004145515151322
-0.008016668260098
0.002222546376288
-0.008152936585248
0.010058304294944
0.004016318824142
-0.006930124480277
0.004906565882266
0.004153316374868
0.013343540951610
0.003559697885066
0.007914409041405
-0.016953557729721
-0.005399762652814
-0.006035557482392
-0.000988833140582
-0.006994535215199
-0.001978186424822
0.002833908656612
-0.005970842670649
-0.006958045065403
0.013819583691657
-0.011074973270297
0.017334127798676
-0.005645306780934
-0.003773573553190
0.002225456526503
0.009010187350214
0.014529382809997
0.016797533258796
0.001823613070883
-0.001491477014497
0.026844315230846
-0.012927908450365
0.000005303676971
-0.000404834718211
0.000533918268047
-0.000186940960702
0.000187703932170
-0.000428371364251
-0.000736982852686
-0.001201803213917
0.000082828890299
0.000491739425343
0.001527981832623
-0.000134300396894
-0.001341786701232
0.002259443979710
0.001538092619739
0.000563420413528
-0.012348141521215
0.028398860245943
0.016247395426035
-0.026221664622426
0.021322276443243
-0.014891001395881
0.001636817003600
-0.016031729057431
-0.002451617736369
0.027920123189688
-0.023652799427509
0.030554462224245
-0.024902291595936
-0.001791704329662
-0.026313183829188
-0.039504066109657
0.000702518504113
-0.008885613642633
-0.004634419456124
-0.004520924296230
0.002213856438175
0.011281469836831
-0.006245383527130
-0.003888465231284
-0.013206549920142
0.002400396158919
-0.010478701442480
0.007575160823762
-0.002252141712233
-0.003200543811545
0.002191417617723
0.007843773812056
-0.229003071784973
-0.241168066859245
0.263750612735748
-0.107656247913837
-0.292958199977875
0.283395469188690
-0.261326491832733
-0.272828578948975
0.029402321204543
0.224338352680206
-0.137478053569794
0.232436999678612
0.264015018939972
-0.272332370281219
-0.224483206868172
-0.222483485937119
-0.003499410580844
0.000080650708696
-0.004949952941388
-0.016610043123364
-0.004576125182211
-0.001420573913492
-0.004502220079303
0.002413673792034
-0.003551432862878
-0.009246208705008
-0.007625431753695
0.002061149803922
-0.006832011975348
0.000158490860485
-0.010929665528238
0.000266964372713
-0.005439492408186
-0.000411182525568
0.002966655651107
-0.000649283989333
0.002733856439590
-0.005185288377106
-0.000676360737998
-0.000371872156393
-0.007006687112153
0.006003182847053
-0.000631312082987
0.001686622854322
0.003625868353993
0.001347196754068
0.002411251654848
0.000610992428847
