0.006805419922
0.003723144531
-0.01542663574
-0.00276184082
0.003433227539
-0.006988525391
-0.001007080078
-0.002563476562
-0.0138092041
-0.001815795898
-0.001495361328
-0.005935668945
0.002639770508
-0.003479003906
-0.006759643555
-0.006652832031
-0.01443481445
0.01599121094
-0.004150390625
-0.009429931641
-0.009979248047
0.008666992188
-0.006423950195
0.004867553711
0.002471923828
0.007919311523
-0.005859375
0.007904052734
0.01426696777
-0.009902954102
0.00114440918
-0.01066589355
-0.001281738281
-0.01202392578
0.00732421875
0.001174926758
-0.01063537598
0.001693725586
0.00260925293
0.01196289062
0.000244140625
0.005081176758
-0.02160644531
-0.008636474609
-0.009414672852
-0.004302978516
-0.01042175293
-0.004043579102
0.0001678466797
-0.00944519043
-0.01062011719
0.01107788086
-0.01470947266
0.01460266113
-0.008224487305
-0.007308959961
-0.0003051757812
0.006271362305
0.01181030273
0.01393127441
-0.001861572266
-0.00520324707
0.0238494873
-0.01643371582
-0.001113891602
-0.001678466797
-0.0004425048828
-0.001358032227
-0.0009307861328
-0.001678466797
-0.002059936523
-0.002624511719
-0.001022338867
-0.0005187988281
0.000732421875
-0.001327514648
-0.00276184082
0.001678466797
0.000732421875
-0.0004730224609
-0.01710510254
0.02662658691
0.01272583008
-0.03318786621
0.0185546875
-0.02114868164
-0.002243041992
-0.02233886719
-0.00798034668
0.02574157715
-0.03062438965
0.0284576416
-0.03172302246
-0.007110595703
-0.03329467773
-0.04769897461
-0.001998901367
-0.01287841797
-0.008148193359
-0.007797241211
-7.629394531e-05
0.01008605957
-0.009750366211
-0.007125854492
-0.01783752441
-1.525878906e-05
-0.01458740234
0.005783081055
-0.00537109375
-0.006195068359
-1.525878906e-05
0.006240844727
-0.2339324951
-0.2471008301
0.2567749023
-0.1119689941
-0.2961883545
0.2777862549
-0.2666168213
-0.2741546631
0.02676391602
0.2215881348
-0.1426391602
0.2312316895
0.257598877
-0.27784729
-0.2268829346
-0.2265625
-0.007507324219
-0.002990722656
-0.009780883789
-0.02485656738
-0.008895874023
-0.005264282227
-0.008316040039
0.0001220703125
-0.007553100586
-0.01539611816
-0.01336669922
-0.0002593994141
-0.01217651367
-0.002639770508
-0.01712036133
-0.00276184082
-0.007965087891
-0.002365112305
0.001281738281
-0.002563476562
0.001113891602
-0.007781982422
-0.002670288086
-0.002426147461
-0.009780883789
0.004867553711
-0.002548217773
9.155273438e-05
0.002212524414
-0.0004425048828
0.0008087158203
-0.001358032227
