0.002222959650680
0.008592056110501
-0.019837608560920
-0.003058891510591
-0.032279271632433
0.022257203236222
-0.005246554967016
0.005000687204301
-0.019715368747711
-0.004346841014922
0.001103913644329
0.021496737375855
0.005406091921031
-0.010460939258337
0.016452312469482
-0.004269497003406
-0.327415823936462
0.312007009983063
0.132749035954475
-0.341743797063828
0.042524881660938
0.278919458389282
-0.025101019069552
0.336340099573135
0.354562431573868
0.122756853699684
0.048245579004288
0.079672962427139
0.191511601209641
-0.350433498620987
0.030389778316021
-0.055225826799870
-0.000924380321521
-0.011861587874591
-0.011770329438150
0.001384293078445
-0.005973026156425
-0.005220570135862
0.010042528621852
0.005303889047354
-0.003571434877813
0.001952565507963
-0.002816412365064
-0.003278969321400
-0.012057290412486
-0.001917369081639
-0.006126923020929
-0.001276410417631
0.008698665536940
0.023625640198588
0.034303735941648
-0.049052067101002
0.029575565829873
-0.010512159205973
-0.018417561426759
0.007646186277270
-0.020244726911187
-0.024421069771051
-0.003141871653497
0.013931281864643
0.034771636128426
0.015529368072748
-0.023891806602478
-0.000629211717751
0.008498743176460
0.006095568183810
0.000610754766967
0.005757810547948
0.009554306976497
0.016078276559711
-0.004315095953643
-0.010860678739846
-0.020761985331774
0.012070900760591
0.000964378938079
-0.002172291744500
0.019051764160395
-0.023908359929919
0.002988628344610
0.033374987542629
0.017621407285333
0.009197438135743
-0.003232280490920
-0.023676458746195
0.010538173839450
-0.023122251033783
0.004504705779254
-0.007136458996683
-0.011092241853476
0.013947898522019
-0.012580362148583
0.004975665360689
-0.036612071096897
-0.001374660874717
-0.019620113074780
-0.047730065882206
0.004424596205354
0.006653648335487
0.006075598765165
0.007401797454804
-0.009449864737689
-0.000464068376459
0.007449770811945
0.009009009227157
0.001489926944487
0.005465751513839
-0.005694924853742
-0.006514802575111
-0.001307937316597
-0.008225065656006
-0.001662305090576
-0.003410804783925
0.005739488638937
-0.001783215324394
-0.002432333305478
0.001669152639806
-0.023308034986258
0.013556512072682
-0.011176506057382
-0.019526679068804
-0.015425871126354
0.015911903232336
-0.006720499135554
-0.003962714690715
0.005161415319890
0.002135133836418
0.014109166339040
-0.002074160147458
-0.007636425085366
0.005498720332980
0.012996674515307
-0.004454426001757
-0.008023597300053
0.008251253515482
-0.002494610380381
0.005210450850427
-0.003578840289265
-0.004095832351595
0.007860567420721
0.000405978382332
-0.002290531061590
-0.012896334752440
0.009075159206986
0.003717141458765
-0.014268759638071
-0.013111636042595
0.005771058145911
-0.001626759418286
-0.003050162689760
-0.001768488902599
0.003358443267643
0.002046508016065
0.003553310176358
-0.001981177134439
-0.011145389638841
0.000931773043703
-0.001005565864034
-0.011898502707481
0.007465532049537
-0.000485804892378
