-0.001113891602
0.00553894043
-0.02365112305
-0.006591796875
-0.0364074707
0.01969909668
-0.008865356445
0.00178527832
-0.0237121582
-0.007934570312
-0.002059936523
0.01898193359
0.002105712891
-0.01429748535
0.01356506348
-0.007583618164
-0.33203125
0.3094177246
0.1285400391
-0.3461914062
0.03883361816
0.2756500244
-0.02896118164
0.3333282471
0.3515777588
0.1195831299
0.04431152344
0.07556152344
0.1888427734
-0.3548583984
0.02667236328
-0.05976867676
-0.005783081055
-0.01852416992
-0.01905822754
-0.001235961914
-0.01068115234
-0.01104736328
0.01181030273
0.004013061523
-0.008987426758
-0.001815795898
-0.00732421875
-0.007293701172
-0.0179901123
-0.005889892578
-0.01005554199
-0.002578735352
0.004730224609
0.01998901367
0.03089904785
-0.0541229248
0.02604675293
-0.01480102539
-0.0228729248
0.003692626953
-0.02467346191
-0.02917480469
-0.007461547852
0.009857177734
0.03121948242
0.01188659668
-0.02850341797
-0.004425048828
0.004806518555
0.002365112305
-0.002792358398
0.002670288086
0.005813598633
0.01217651367
-0.006881713867
-0.01318359375
-0.02272033691
0.008285522461
-0.00244140625
-0.005569458008
0.01550292969
-0.02571105957
-0.0002899169922
0.02886962891
0.01570129395
0.006942749023
-0.007629394531
-0.03060913086
0.007690429688
-0.03007507324
0.001281738281
-0.01254272461
-0.01689147949
0.01174926758
-0.01852416992
0.001831054688
-0.04489135742
-0.005920410156
-0.02624511719
-0.05729675293
0.002365112305
0.004684448242
0.003982543945
0.005477905273
-0.01167297363
-0.002578735352
0.005523681641
0.007019042969
-0.0006866455078
0.00341796875
-0.007873535156
-0.008758544922
-0.003448486328
-0.01048278809
-0.003707885742
-0.005599975586
0.001907348633
-0.006607055664
-0.00520324707
-0.001800537109
-0.02995300293
0.0128326416
-0.01683044434
-0.02551269531
-0.01972961426
0.015625
-0.01135253906
-0.005828857422
0.003219604492
-0.002349853516
0.01152038574
-0.006469726562
-0.01010131836
0.003295898438
0.01086425781
-0.007049560547
-0.01057434082
0.006011962891
-0.004684448242
0.003005981445
-0.005950927734
-0.006729125977
0.005508422852
-0.001892089844
-0.004821777344
-0.01542663574
0.006881713867
0.00146484375
-0.0188293457
-0.01756286621
0.004028320312
-0.00439453125
-0.006088256836
-0.00456237793
0.001342773438
-0.0001983642578
0.001525878906
-0.004791259766
-0.01525878906
-0.001434326172
-0.003723144531
-0.01625061035
0.006057739258
-0.003082275391
