0.0034226801
-0.0026204721
-0.0061760582
-0.0031473262
-0.0050352551
-0.0023569989
-0.0019965605
-0.0102534303
-0.0053076656
-0.0040737777
0.0058516222
0.0021221305
0.0049967910
0.0038698625
0.0007843099
0.0024573719
-0.0014943752
0.0041797310
-0.0011901211
-0.0007660700
-0.0009974425
0.0017597495
-0.0008262659
0.0010815215
0.0006230679
-0.0014082683
-0.0016344768
-0.0006709902
0.0033012454
-0.0009089127
-0.0013559683
-0.0039245193
0.0029590663
-0.0052051675
0.0056846268
0.0018624467
-0.0032288819
0.0009361381
0.0033235876
0.0032214765
-0.0015049236
0.0038554089
-0.0068216366
-0.0014941278
-0.0025937422
-0.0012840746
-0.0042418367
-0.0053606411
-0.0021828986
-0.0099896109
-0.0148092369
0.0169817377
-0.0120780701
0.0154768247
-0.0028156866
-0.0042317365
0.0019960112
0.0154044880
0.0087128384
0.0109033249
-0.0031344809
-0.0076578599
0.0081584658
-0.0047134249
-0.0002917391
-0.0031024818
0.0000289859
0.0027834396
0.0015742840
-0.0009612343
-0.0020631047
-0.0025738676
0.0005887659
-0.0021967997
-0.0011042838
-0.0002222961
-0.0051656072
0.0032806138
0.0037145712
0.0050008814
-0.0016616398
0.0082936995
0.0081239315
-0.0070157447
-0.0010627215
0.0002356663
0.0006087233
-0.0020745306
0.0025327590
0.0032401998
-0.0111488011
0.0137582971
-0.0087863365
-0.0004167196
-0.0008613275
-0.0092631876
-0.0088613620
-0.0067368327
0.0019599118
-0.0079558091
0.0009530898
0.0083391638
-0.0004293504
-0.0003410506
0.0027339431
-0.0000921750
-0.0042205849
0.0159769524
-0.0075545148
-0.0022503706
0.0003423488
0.0039928439
-0.2780022025
-0.2419186532
0.1986569166
-0.1455405653
-0.2915160060
0.3207445443
-0.2652158141
-0.2703760862
0.0434178747
0.2162248641
-0.1258529723
0.2743630111
0.2492129952
-0.3019327521
-0.1888511330
-0.1952163130
-0.0009995262
-0.0019711065
0.0017499219
-0.0043008779
-0.0014748726
0.0012864963
-0.0005891511
0.0031674218
-0.0027378015
0.0017494144
0.0012421613
0.0051144543
0.0006758458
-0.0005419586
-0.0002468580
0.0023769657
-0.0061034281
-0.0030478805
-0.0008069251
-0.0020003160
-0.0013336895
-0.0002560664
-0.0002396966
0.0038804321
0.0010980638
0.0010346152
0.0023937137
-0.0004543384
-0.0004129428
0.0022630491
0.0006920763
-0.0011034580
