-0.002759517170489
-0.005369746591896
0.003921409137547
0.006854064762592
0.001175346435048
-0.000311625277391
-0.002383603714406
0.009138289839029
-0.011769222095609
-0.000076232041465
-0.008533906191587
0.002472008811310
-0.000896159908734
0.008244447410107
-0.002100548474118
0.007304893340915
-0.004702336154878
0.009043187834322
0.003973423503339
-0.003410807810724
-0.005332577973604
0.006822757888585
-0.001446479931474
0.002984635531902
0.002215608023107
0.002102873986587
-0.001558119198307
0.006758085917681
0.005781639833003
-0.003974164370447
0.003151072654873
-0.002703069476411
0.014838816598058
-0.007218174636364
0.020823070779443
0.033115394413471
0.024085197597742
0.006801738869399
-0.021359564736485
-0.011103281751275
0.001723584835418
0.016970528289676
-0.000336237135343
0.009778941981494
0.005187928676605
-0.013695917092264
-0.000549723161384
-0.022657088935375
-0.306510061025620
0.215603291988373
0.257249355316162
-0.205313175916672
0.285874605178833
-0.220148175954819
-0.225691556930542
0.154860705137253
-0.200948372483253
-0.190635576844215
-0.203327894210815
-0.205731153488159
0.244096994400024
0.300045818090439
-0.227392509579659
0.205610662698746
0.002509732265025
0.005224290769547
-0.003484832821414
0.003007922554389
0.004276024643332
0.002655696123838
0.004503728356212
-0.004079369362444
-0.004443457350135
0.005428750999272
0.009199581108987
-0.004436566960067
0.006882985122502
-0.002396169351414
-0.005542300175875
0.004684295970947
0.001258292468265
0.001600455492735
-0.000626726192422
-0.014442290179431
0.008656033314764
-0.005889082793146
0.004951011389494
-0.008021496236324
0.009750876575708
0.004104012157768
-0.013994478620589
0.003424258437008
-0.016889937222004
-0.035541877150536
-0.002249116776511
-0.036453809589148
0.008433132432401
0.003937696106732
-0.008923292160034
0.006134560797364
-0.007521523162723
-0.001000456395559
0.007067075930536
0.006674456410110
-0.005763811524957
-0.005269437562674
-0.000232113728998
0.010915423743427
-0.000805853749625
0.000315677723847
0.007405375596136
-0.010053452104330
0.031836710870266
0.042516328394413
-0.016211975365877
0.030717814341187
0.015056584030390
-0.043638359755278
0.028886849060655
0.030105704441667
-0.010549964383245
-0.025561885908246
0.024655351415277
-0.050927750766277
-0.007664049044251
0.041216325014830
0.037045817822218
-0.007405214011669
-0.004836671985686
0.008755827322602
-0.003472372656688
0.013679495081306
-0.012795116752386
0.017496714368463
-0.013427038677037
-0.000419871066697
-0.020622728392482
0.001854477101006
-0.012771281413734
0.000774025393184
-0.011186745949090
-0.026803335174918
-0.012105063535273
0.018158847466111
0.008872202597558
-0.003609172999859
0.006404460407794
-0.000442751683295
0.000197248795303
0.004707111045718
0.005129039753228
-0.010850785300136
-0.008791518397629
0.002363078529015
-0.008574901148677
-0.000621233775746
0.003256216878071
0.012830255553126
-0.010733124800026
0.007927856408060
