-0.005325317383
-0.007995605469
0.001876831055
0.004760742188
-0.0009918212891
-0.002639770508
-0.004928588867
0.007171630859
-0.01469421387
-0.002487182617
-0.01118469238
0.0002746582031
-0.003372192383
0.006225585938
-0.004623413086
0.00537109375
-0.006149291992
0.006561279297
0.001663208008
-0.004821777344
-0.006988525391
0.00439453125
-0.003265380859
0.0007019042969
-4.577636719e-05
0.0001220703125
-0.003433227539
0.00439453125
0.003601074219
-0.005386352539
0.001113891602
-0.004501342773
0.009643554688
-0.01103210449
0.015625
0.02816772461
0.01936340332
0.002044677734
-0.0228729248
-0.01406860352
-0.0029296875
0.01184082031
-0.004516601562
0.005569458008
0.001541137695
-0.01695251465
-0.003799438477
-0.02409362793
-0.3090667725
0.2115478516
0.2535705566
-0.2102203369
0.2816467285
-0.2243652344
-0.2296600342
0.1504058838
-0.2052001953
-0.1953125
-0.2075805664
-0.2095336914
0.2395782471
0.2956695557
-0.2311859131
0.201965332
0.0004119873047
0.002868652344
-0.005279541016
0.0009613037109
0.001983642578
0.0005187988281
0.002349853516
-0.005767822266
-0.006088256836
0.003173828125
0.006683349609
-0.006301879883
0.004684448242
-0.004150390625
-0.007263183594
0.002410888672
-0.001892089844
-0.0009155273438
-0.004989624023
-0.02130126953
0.006469726562
-0.01191711426
0.002487182617
-0.01420593262
0.005783081055
0.001327514648
-0.02102661133
0.0006713867188
-0.02418518066
-0.04537963867
-0.007766723633
-0.04708862305
0.00617980957
0.001586914062
-0.01170349121
0.003860473633
-0.01007080078
-0.003372192383
0.004867553711
0.004425048828
-0.008392333984
-0.007827758789
-0.002670288086
0.008712768555
-0.003280639648
-0.002090454102
0.005294799805
-0.01268005371
0.02575683594
0.0361328125
-0.02027893066
0.02507019043
0.009490966797
-0.04675292969
0.02299499512
0.02433776855
-0.01470947266
-0.02908325195
0.01898193359
-0.05361938477
-0.01197814941
0.03485107422
0.03106689453
-0.01223754883
-0.009063720703
0.006042480469
-0.007843017578
0.01078796387
-0.01774597168
0.01507568359
-0.01779174805
-0.003921508789
-0.02627563477
-0.001983642578
-0.01794433594
-0.002517700195
-0.0161895752
-0.03269958496
-0.01689147949
0.01629638672
0.006622314453
-0.006286621094
0.003952026367
-0.002868652344
-0.002365112305
0.002182006836
0.002700805664
-0.01388549805
-0.01167297363
1.525878906e-05
-0.01132202148
-0.002960205078
0.0009460449219
0.01071166992
-0.01362609863
0.005477905273
