0.0034226757
-0.0026204719
-0.0061760535
-0.0031473348
-0.0050352458
-0.0023570096
-0.0019965561
-0.0102534387
-0.0053076586
-0.0040737763
0.0058516064
0.0021221323
0.0049967943
0.0038698651
0.0007843138
0.0024573707
-0.0014943716
0.0041797366
-0.0011901187
-0.0007660759
-0.0009974340
0.0017597520
-0.0008262665
0.0010815235
0.0006230692
-0.0014082667
-0.0016344775
-0.0006709909
0.0033012477
-0.0009089205
-0.0013559617
-0.0039245142
0.0029590672
-0.0052051698
0.0056846491
0.0018624484
-0.0032288791
0.0009361510
0.0033235848
0.0032214816
-0.0015049109
0.0038554117
-0.0068216347
-0.0014941231
-0.0025937387
-0.0012840722
-0.0042418358
-0.0053606397
-0.0021828793
-0.0099896202
-0.0148092601
0.0169817563
-0.0120780757
0.0154768452
-0.0028156824
-0.0042317361
0.0019960145
0.0154044991
0.0087128496
0.0109033501
-0.0031344856
-0.0076578697
0.0081584686
-0.0047134422
-0.0002917455
-0.0031024774
0.0000289836
0.0027834321
0.0015742830
-0.0009612397
-0.0020631016
-0.0025738706
0.0005887623
-0.0021968109
-0.0011042763
-0.0002222990
-0.0051656039
0.0032806126
0.0037145761
0.0050008795
-0.0016616374
0.0082936995
0.0081239445
-0.0070157400
-0.0010627278
0.0002356652
0.0006087210
-0.0020745401
0.0025327625
0.0032401911
-0.0111488039
0.0137582980
-0.0087863393
-0.0004167107
-0.0008613165
-0.0092631793
-0.0088613564
-0.0067368369
0.0019599120
-0.0079558091
0.0009530893
0.0083391629
-0.0004293502
-0.0003410551
0.0027339470
-0.0000921749
-0.0042205844
0.0159769263
-0.0075544999
-0.0022503620
0.0003423661
0.0039928514
-0.2780021727
-0.2419186234
0.1986569017
-0.1455406100
-0.2915160060
0.3207445443
-0.2652157843
-0.2703760564
0.0434178561
0.2162248492
-0.1258530021
0.2743629813
0.2492129654
-0.3019327819
-0.1888511330
-0.1952162832
-0.0009995243
-0.0019711189
0.0017499223
-0.0043008793
-0.0014748778
0.0012864930
-0.0005891398
0.0031674278
-0.0027377999
0.0017494097
0.0012421472
0.0051144571
0.0006758431
-0.0005419615
-0.0002468630
0.0023769597
-0.0061034285
-0.0030478826
-0.0008069316
-0.0020003219
-0.0013336864
-0.0002560699
-0.0002396966
0.0038804254
0.0010980681
0.0010346110
0.0023937167
-0.0004543349
-0.0004129471
0.0022630543
0.0006920735
-0.0011034588
