-0.000617711397354
0.007430209778249
0.000945080537349
0.000881414860487
0.005376882851124
-0.004599326290190
-0.010831808671355
0.015102693811059
-0.020085493102670
-0.015581834129989
-0.020990718156099
0.001249305321835
-0.008169285953045
-0.009586823172867
-0.017044447362423
-0.005904788617045
0.000783896597568
-0.000877690443303
0.004083305597305
-0.000263833033387
-0.002734183100984
0.000759753747843
-0.001318488386460
-0.000200597292860
-0.000673310423736
-0.003633349202573
0.002706160536036
0.003675221698359
-0.004287564195693
0.000348917528754
-0.000798088731244
-0.000456592242699
-0.030742364004254
-0.022814322263002
-0.015176481567323
0.044566269963980
0.018386937677860
-0.021441737189889
0.008809349499643
0.002941521583125
-0.036202270537615
-0.040286242961884
-0.019517330452800
0.001283822814003
0.013273980468512
0.018998563289642
0.007465006317943
0.021944895386696
-0.222229242324829
0.106159448623657
0.197958812117577
-0.159056305885315
0.254738241434097
-0.170391798019409
-0.188963323831558
0.114922866225243
-0.303196907043457
-0.163950577378273
-0.064630717039108
-0.110626958310604
0.080269657075405
0.177512958645821
-0.098921120166779
0.076873935759068
0.025704165920615
-0.005797952879220
0.024227948859334
0.017864558845758
-0.004322931636125
0.026939693838358
-0.024198327213526
-0.022421240806580
-0.035159852355719
0.039104849100113
0.002091952366754
0.012843053787947
0.014371390454471
-0.008691165596247
-0.015824122354388
-0.002256480045617
-0.007998059503734
-0.020111778751016
0.035330433398485
0.032411955296993
0.012948403134942
0.011346086859703
-0.071887575089931
-0.013192117214203
0.033590994775295
-0.027428416535258
-0.032836634665728
0.006177186034620
0.039113335311413
0.102339439094067
-0.036482103168964
0.013119548559189
0.002599367173389
0.001609852770343
-0.004786479286849
-0.002498276997358
0.000725010817405
-0.006349528208375
0.000025879051464
-0.000519274210092
0.004881396889687
0.002888342365623
0.006763048935682
-0.000931661983486
0.001963295508176
0.006372444797307
0.002483359770849
-0.002314205514267
0.015052405185997
-0.007501458749175
0.022492017596960
-0.021525550633669
-0.029169440269470
-0.012169555760920
-0.021996632218361
-0.028674030676484
0.008664851076901
0.029804263263941
0.034197404980659
0.003684295341372
0.029753088951111
0.003107390366495
-0.005845393519849
-0.003227223642170
-0.032820951193571
0.035487964749336
0.023118199780583
-0.024354496970773
-0.043251212686300
0.042050521820784
-0.019058395177126
0.020009430125356
-0.022302409633994
-0.037019331008196
-0.015789210796356
0.007282626815140
0.021017830818892
-0.040164478123188
0.038670543581247
0.026282357051969
-0.053968049585819
-0.027491953223944
-0.030953941866755
0.076195575296879
-0.004364746622741
-0.136547461152077
-0.039268977940083
-0.136469423770905
-0.160621553659439
0.118352346122265
0.028438955545425
0.132928445935249
0.138218834996223
0.167044356465340
-0.013029373250902
-0.140010803937912
