-0.004577636719
0.004699707031
-0.002304077148
-0.002746582031
0.002883911133
-0.008865356445
-0.01629638672
0.01347351074
-0.0266418457
-0.02174377441
-0.02731323242
-0.002182006836
-0.01318359375
-0.01489257812
-0.02323913574
-0.01008605957
-0.0006561279297
-0.002868652344
0.003082275391
-0.001937866211
-0.005020141602
-0.0008850097656
-0.003326416016
-0.002090454102
-0.002655029297
-0.006118774414
0.001495361328
0.002639770508
-0.006881713867
-0.001174926758
-0.002685546875
-0.002349853516
-0.04104614258
-0.03088378906
-0.02362060547
0.04315185547
0.01438903809
-0.03076171875
0.007843017578
-0.001571655273
-0.04681396484
-0.05079650879
-0.02796936035
-0.004470825195
0.009490966797
0.01467895508
0.004196166992
0.0220489502
-0.2293701172
0.100402832
0.1929168701
-0.1687164307
0.2488861084
-0.1793365479
-0.1975250244
0.1081237793
-0.3109130859
-0.1732177734
-0.07427978516
-0.1190643311
0.07472229004
0.1721191406
-0.1077423096
0.07174682617
0.02111816406
-0.01042175293
0.01962280273
0.01373291016
-0.008834838867
0.0223236084
-0.0279083252
-0.02615356445
-0.03858947754
0.03434753418
-0.002548217773
0.008117675781
0.01034545898
-0.01234436035
-0.0199432373
-0.006698608398
-0.01196289062
-0.02314758301
0.02853393555
0.02461242676
0.008666992188
0.003601074219
-0.07493591309
-0.0202331543
0.02540588379
-0.03120422363
-0.03961181641
0.002014160156
0.03121948242
0.09284973145
-0.04325866699
0.004180908203
0.0007629394531
-0.0002136230469
-0.006698608398
-0.004364013672
-0.001052856445
-0.008224487305
-0.001815795898
-0.002365112305
0.003036499023
0.001052856445
0.005035400391
-0.002822875977
0.0001525878906
0.004638671875
0.0007019042969
-0.004135131836
0.01002502441
-0.01344299316
0.01965332031
-0.02705383301
-0.03550720215
-0.01586914062
-0.02827453613
-0.03456115723
0.004928588867
0.0276184082
0.03007507324
0.001022338867
0.02713012695
-0.002578735352
-0.01100158691
-0.008773803711
-0.03840637207
0.03118896484
0.01795959473
-0.03053283691
-0.04908752441
0.03735351562
-0.02378845215
0.01553344727
-0.02780151367
-0.04319763184
-0.02186584473
0.002532958984
0.01579284668
-0.0456237793
0.0341796875
0.02169799805
-0.06158447266
-0.03512573242
-0.03956604004
0.06973266602
-0.01211547852
-0.1457519531
-0.04740905762
-0.1455535889
-0.1698455811
0.1121368408
0.02142333984
0.1272888184
0.1317138672
0.1600189209
-0.02070617676
-0.1491699219
