0.002127825748175
0.010183946229517
-0.011981811374426
0.001246608910151
-0.012779400683939
0.005240180063993
-0.005609242245555
0.015477582812309
-0.004761978983879
-0.000591482385062
-0.009638262912631
0.008206384256482
0.000720029871445
0.007900779135525
-0.003584850579500
-0.012452398426831
-0.008498759940267
0.019374575465918
-0.002610602416098
-0.007228475529701
0.014750565402210
0.007341249845922
-0.005930050741881
0.007179853040725
0.009384745731950
-0.003696643281728
-0.017813684418797
0.001995686907321
0.018679630011320
-0.008954254910350
-0.009188046678901
0.000108154868940
-0.363225698471069
-0.214882373809814
-0.311565488576889
-0.019557729363441
-0.098517075181007
-0.320077061653137
0.361088305711746
0.000317405123496
-0.400869548320770
-0.269021511077881
-0.207534521818161
-0.112629145383835
-0.068552531301975
-0.139881849288940
0.154782250523567
0.282871633768082
0.015260377898812
-0.010177356190979
-0.018122881650925
0.002019292209297
-0.032573070377111
0.026870602741838
0.023432178422809
-0.033391971141100
0.021009588614106
0.020586406812072
0.032499447464943
0.025771375745535
0.003342231502756
-0.011595870368183
0.034812543541193
-0.037612732499838
0.004483360797167
-0.003510557580739
0.006620443891734
0.003769662231207
-0.002251036232337
0.004012438934296
-0.001817525946535
-0.002004018053412
-0.003944613039494
0.005104059353471
-0.004869176074862
0.001087029115297
0.003904928453267
-0.000947343651205
0.000322472333210
-0.001690154662356
0.000313847034704
0.000883388565853
0.008517053909600
-0.008385813795030
-0.003186183515936
-0.000112964669825
0.002967661479488
0.000558822182938
-0.004625986795872
0.005246590822935
-0.000905616558157
-0.007264736574143
-0.012436363846064
-0.007730435580015
-0.002616673009470
-0.008313612081110
0.001423739828169
-0.013538479804993
0.029262406751513
0.000508397002704
0.002420197706670
0.018479323014617
-0.016942050307989
-0.017330914735794
-0.007032697089016
-0.002621936146170
0.007286703214049
0.022596504539251
0.007335420232266
0.017162470147014
-0.004833829589188
0.018826585263014
-0.000585304631386
0.007565528154373
-0.004634218756109
-0.000363504892448
-0.002488807775080
0.007402461487800
0.003860434517264
-0.001223745639436
0.006305627524853
-0.006791261490434
0.000536148610990
-0.003737751394510
0.001713640522212
0.002701492747292
0.009203978814185
0.002997035160661
0.002532760147005
-0.011491898447275
0.002257459796965
-0.002913336036727
0.014205358922482
0.027974803000689
-0.003680952824652
-0.006529884878546
0.010007280856371
-0.000361787417205
-0.013138200156391
-0.003471976378933
-0.003851934336126
0.014323459006846
0.007285546045750
-0.019786968827248
0.007763418834656
-0.012603923678398
-0.004476087167859
0.010233560577035
-0.004737392067909
-0.002877099672332
-0.008342715911567
-0.010794929228723
-0.007485426496714
0.012618405744433
-0.012183975428343
0.004663719795644
0.009850884787738
-0.011134475469589
0.019639121368527
-0.001439829473384
