-0.0005493164062
0.00798034668
-0.0154876709
-0.001495361328
-0.01629638672
0.002838134766
-0.008834838867
0.01362609863
-0.007888793945
-0.003524780273
-0.01306152344
0.005905151367
-0.002105712891
0.005508422852
-0.006744384766
-0.01602172852
-0.01112365723
0.0163269043
-0.005889892578
-0.009857177734
0.01182556152
0.004180908203
-0.008895874023
0.003952026367
0.006164550781
-0.006698608398
-0.02090454102
-0.001129150391
0.01577758789
-0.01152038574
-0.01219177246
-0.002975463867
-0.3642883301
-0.2166442871
-0.3127593994
-0.0225982666
-0.100982666
-0.3215026855
0.3570251465
-0.002029418945
-0.401550293
-0.2705993652
-0.2095336914
-0.114654541
-0.0707244873
-0.1420593262
0.1508026123
0.2793884277
0.0111541748
-0.01466369629
-0.0225982666
-0.00227355957
-0.03698730469
0.02265930176
0.01930236816
-0.0378112793
0.0168762207
0.01617431641
0.02821350098
0.02143859863
-0.001266479492
-0.01606750488
0.03045654297
-0.04183959961
0.002868652344
-0.005615234375
0.005172729492
0.002227783203
-0.004257202148
0.002380371094
-0.003723144531
-0.003890991211
-0.005935668945
0.003509521484
-0.007019042969
-0.0007171630859
0.002395629883
-0.002746582031
-0.001480102539
-0.003662109375
-0.002105712891
-0.001266479492
0.007583618164
-0.01306152344
-0.006393432617
-0.003112792969
0.001052856445
-0.002319335938
-0.008590698242
0.003845214844
-0.004058837891
-0.01121520996
-0.01795959473
-0.01219177246
-0.006088256836
-0.01312255859
-0.001968383789
-0.01620483398
0.0246887207
-0.00260925293
-0.0008697509766
0.01445007324
-0.01943969727
-0.01988220215
-0.0101776123
-0.005798339844
0.003646850586
0.01840209961
0.003753662109
0.01316833496
-0.007766723633
0.01483154297
-0.002914428711
0.004669189453
-0.006011962891
-0.002487182617
-0.004669189453
0.005477905273
0.001190185547
-0.003402709961
0.004211425781
-0.007751464844
-0.001770019531
-0.004791259766
1.525878906e-05
7.629394531e-05
0.006408691406
0.0005798339844
-0.0005035400391
-0.01486206055
-0.0009613037109
-0.006408691406
0.01136779785
0.02508544922
-0.006546020508
-0.009780883789
0.007171630859
-0.003799438477
-0.01678466797
-0.006683349609
-0.007278442383
0.01150512695
0.004150390625
-0.02336120605
0.005462646484
-0.01649475098
-0.008041381836
0.008224487305
-0.008148193359
-0.006408691406
-0.01211547852
-0.01484680176
-0.01127624512
0.01068115234
-0.01608276367
0.002258300781
0.007766723633
-0.01499938965
0.01803588867
-0.004837036133
