-0.033856440335512
-0.025323823094368
0.028683815151453
-0.035808924585581
0.043861139565706
-0.029822617769241
-0.048751164227724
0.030335856601596
0.023341335356236
-0.052059318870306
-0.003812201786786
0.002339868107811
-0.006362932734191
0.001569137093611
0.021293461322784
0.013214978389442
-0.000666999258101
0.002758339978755
0.002392534166574
0.000289786345093
-0.009471097029746
0.001535567222163
-0.000487604353111
-0.001203953754157
-0.000520741974469
-0.004299900028855
0.001196668948978
0.002528290497139
0.004320734646171
-0.001623318297789
-0.006107590626925
-0.010851897299290
-0.002746068406850
-0.026386911049485
-0.051710903644562
0.016211247071624
-0.000828178075608
-0.021593302488327
0.013712753541768
0.029848866164684
-0.005245995707810
-0.000961037469096
-0.034155804663897
0.042179264128208
-0.027275301516056
0.024749165400863
-0.048263054341078
0.023476295173168
0.007996944710612
0.004949212539941
-0.002729938598350
-0.008451994508505
-0.005645670928061
0.008040856570005
-0.003616192145273
0.008992739021778
0.001488839392550
0.008266950957477
0.007551826536655
0.001465955865569
-0.002296809339896
0.006369694601744
-0.001103255432099
-0.000492770690471
-0.217509791254997
-0.271526455879211
-0.206673204898834
0.211095735430717
-0.083417922258377
-0.253283590078354
0.211920231580734
0.140961602330208
0.242727592587471
-0.237398639321327
-0.233238309621811
-0.315428435802460
0.155697271227837
0.309975296258926
-0.236196815967560
-0.209151357412338
-0.010899472981691
0.003137097228318
-0.016328735277057
0.005496607627720
-0.004816541913897
-0.016317127272487
0.009778142906725
0.022190002724528
-0.005028148647398
-0.011746661737561
0.010113874450326
0.006973426323384
0.001118924818002
0.001814545248635
-0.010473882779479
-0.015642015263438
0.009603787213564
-0.002550675766543
0.003052622312680
-0.019550673663616
-0.010339729487896
-0.002550047123805
0.008186211809516
0.025518897920847
0.006070881150663
0.010277218185365
0.025511488318443
0.017277406528592
0.026633717119694
0.013398292474449
-0.010101191699505
-0.009954506531358
0.003701984416693
0.014051045291126
-0.004567197989672
-0.003040620824322
-0.000067511893576
0.004371339920908
0.007247318979353
-0.005782652180642
0.001196031458676
-0.002793870167807
0.002989964094013
-0.011878074146807
-0.000622716441285
0.012639596126974
0.003071323502809
0.008170646615326
-0.024572283029556
0.007010317873210
0.016707383096218
0.028992814943194
-0.017215773463249
0.022077009081841
-0.007813562639058
0.017556030303240
-0.018919827416539
0.004368946421891
0.003072958672419
0.012466153129935
-0.017305683344603
-0.021893274039030
0.021504448726773
0.008783057332039
-0.020162265747786
0.029856694862247
0.006055565550923
-0.020705442875624
-0.047365076839924
0.011085210368037
0.018758464604616
0.014159922488034
0.005155992694199
-0.014582925476134
0.019944554194808
-0.011497760191560
-0.014922759495676
0.008983469568193
-0.028474517166615
0.009039154276252
