-0.04231262207
-0.03330993652
0.0266418457
-0.04428100586
0.04273986816
-0.03718566895
-0.05809020996
0.02662658691
0.0202331543
-0.06195068359
-0.007400512695
-0.002304077148
-0.01348876953
-0.005187988281
0.0170135498
0.01025390625
-0.003005981445
0.0009765625
0.0003662109375
-0.001876831055
-0.01376342773
-0.0005950927734
-0.002944946289
-0.003936767578
-0.003128051758
-0.007522583008
-0.0009613037109
0.0006103515625
0.002914428711
-0.004180908203
-0.009735107422
-0.01554870605
-0.01091003418
-0.03471374512
-0.06213378906
0.01123046875
-0.006881713867
-0.03070068359
0.01274108887
0.02680969238
-0.01342773438
-0.008270263672
-0.04267883301
0.03890991211
-0.03393554688
0.01988220215
-0.05577087402
0.02261352539
0.005432128906
0.002548217773
-0.004684448242
-0.01016235352
-0.007415771484
0.005493164062
-0.005569458008
0.006317138672
-0.0007171630859
0.005645751953
0.004959106445
-0.0007629394531
-0.004318237305
0.003890991211
-0.003173828125
-0.002578735352
-0.2208862305
-0.2755279541
-0.2098846436
0.2055664062
-0.0883026123
-0.2563323975
0.2066040039
0.1362609863
0.2373809814
-0.2405853271
-0.2370758057
-0.3184661865
0.1510620117
0.3044433594
-0.2393035889
-0.2128295898
-0.01477050781
0.0004425048828
-0.0212097168
0.002288818359
-0.008316040039
-0.02146911621
0.007568359375
0.02040100098
-0.009201049805
-0.01596069336
0.007232666016
0.004592895508
-0.002456665039
-0.001861572266
-0.01510620117
-0.02093505859
0.005569458008
-0.005905151367
-0.0006256103516
-0.02169799805
-0.0126953125
-0.005477905273
0.004211425781
0.02041625977
0.002151489258
0.006225585938
0.02069091797
0.0128326416
0.02140808105
0.009399414062
-0.01248168945
-0.01239013672
0.001037597656
0.01089477539
-0.006546020508
-0.005310058594
-0.002532958984
0.002044677734
0.004379272461
-0.007904052734
-0.001098632812
-0.004760742188
0.0003967285156
-0.01333618164
-0.002746582031
0.009475708008
0.0005035400391
0.005340576172
-0.02809143066
0.003067016602
0.01248168945
0.02453613281
-0.02069091797
0.01792907715
-0.01110839844
0.013671875
-0.02247619629
6.103515625e-05
-0.001251220703
0.008666992188
-0.02127075195
-0.02528381348
0.01739501953
0.004852294922
-0.02534484863
0.02670288086
0.001953125
-0.0258026123
-0.05345153809
0.007110595703
0.01545715332
0.01037597656
0.001098632812
-0.01947021484
0.01684570312
-0.01597595215
-0.01968383789
0.00505065918
-0.03381347656
0.005004882812
