0.001812481903471
0.009129732847214
-0.011591545306146
0.001078024506569
-0.017804838716984
0.010295267216861
0.003711952595040
-0.007519938517362
-0.014117860235274
-0.008400936610997
-0.008238473907113
0.010879392735660
0.001835324335843
-0.010698175057769
-0.002295183250681
-0.005791435483843
-0.322287499904633
0.336692750453949
0.111336231231689
-0.343562096357346
0.023865275084972
0.273733884096146
-0.013811759650707
0.339826196432114
0.353746443986893
0.162560880184174
-0.026893567293882
0.076596274971962
0.233233720064163
-0.357502073049545
-0.001054831198417
0.041708253324032
-0.005904473830014
-0.007071821484715
-0.000615857483353
0.003279892262071
0.000002258545919
-0.004298190120608
0.008753727190197
0.007204919122159
-0.009517257101834
-0.002751681488007
-0.002961741760373
-0.004407004453242
-0.008839557878673
-0.000267094408628
0.003572811139748
0.002834862796590
0.020134972408414
0.002591875148937
0.010866286233068
-0.006865369621664
0.022034827619791
-0.001320436946116
-0.010043902322650
0.018580524250865
-0.013964072801173
-0.000032493389881
0.013095735572278
0.037724588066339
0.015637241303921
-0.005846044048667
-0.012468069791794
-0.015618234872818
0.012471097521484
-0.013787142001092
0.005226583220065
-0.005621100775898
0.016168830916286
0.021767864003778
-0.007177233230323
-0.016350707039237
-0.026883857324719
0.022194493561983
0.007088039536029
-0.001953600440174
0.007351605221629
-0.014830617234111
0.011358941905200
0.018352858722210
0.020045051351190
0.009589109569788
-0.003159951884300
-0.009266416542232
0.011813147924840
-0.030068723484874
0.011115518398583
-0.013639294542372
-0.014805435203016
0.001319702831097
-0.018864979967475
0.006458562798798
-0.027288777753711
0.000315943092573
-0.020220205187798
-0.056751929223537
-0.001090238569304
-0.002639939775690
0.001793523435481
0.000519767520018
-0.003111005760729
0.005247128196061
0.001011254265904
0.000747045385651
-0.000694359769113
-0.006528720725328
0.001951800426468
0.001253838185221
0.002392952563241
0.000506462587509
-0.004724345635623
-0.000941922655329
0.000220364017878
0.006748785730451
-0.008185227401555
0.000418444309616
-0.012891379185021
0.001745707821101
0.001136901089922
-0.005293509922922
-0.016120428219438
0.001636279630475
-0.001364261261187
-0.011355235241354
0.004169515334070
0.006538352463394
0.013420599512756
-0.010568136349320
-0.011932945810258
0.005115546751767
0.023008815944195
-0.017636837437749
-0.009180096909404
0.018040010705590
0.011926520615816
0.001518233562820
0.001310384715907
-0.015636468306184
-0.015691623091698
-0.007020011078566
-0.025568461045623
-0.005376351531595
0.022318297997117
-0.006806301418692
-0.005873753689229
-0.007439924404025
0.000069794441515
-0.000235660409089
-0.006832269020379
0.001373379607685
-0.001220333389938
0.000988304382190
0.002643351443112
-0.000235951985815
-0.000874012534041
-0.000951211957727
-0.000444300705567
-0.009647689759731
0.004057399462909
0.001731779891998
