-0.0009918212891
0.007293701172
-0.01599121094
-0.001892089844
-0.02293395996
0.008590698242
0.001037597656
-0.01167297363
-0.01899719238
-0.01257324219
-0.01226806641
0.009155273438
-0.001052856445
-0.01515197754
-0.005737304688
-0.009521484375
-0.3265991211
0.3344268799
0.1074829102
-0.3478240967
0.02032470703
0.2708587646
-0.01736450195
0.3371429443
0.35105896
0.1597137451
-0.0308380127
0.0728302002
0.2308654785
-0.3619232178
-0.004730224609
0.0379486084
-0.01188659668
-0.01245117188
-0.004898071289
0.001327514648
-0.002975463867
-0.009750366211
0.01020812988
0.006530761719
-0.0164642334
-0.007598876953
-0.007415771484
-0.008758544922
-0.01390075684
-0.003662109375
0.002258300781
0.00260925293
0.01608276367
-0.0008544921875
0.007125854492
-0.01016235352
0.01776123047
-0.004608154297
-0.01304626465
0.01431274414
-0.01678466797
-0.003509521484
0.009185791016
0.03291320801
0.01153564453
-0.008941650391
-0.01541137695
-0.01834106445
0.008590698242
-0.01728820801
0.001510620117
-0.008682250977
0.01208496094
0.01779174805
-0.0100402832
-0.01907348633
-0.02941894531
0.01811218262
0.00325012207
-0.005599975586
0.004089355469
-0.01751708984
0.007675170898
0.01435852051
0.01824951172
0.00732421875
-0.007919311523
-0.01556396484
0.008865356445
-0.03857421875
0.008392333984
-0.02033996582
-0.02177429199
-0.002212524414
-0.02624511719
0.003402709961
-0.03544616699
-0.004547119141
-0.02777099609
-0.06832885742
-0.003036499023
-0.004867553711
0.0003051757812
-0.00114440918
-0.005325317383
0.004364013672
-0.0006103515625
-0.0009002685547
-0.00260925293
-0.009368896484
0.0005187988281
-0.0003204345703
0.001022338867
-0.001159667969
-0.007217407227
-0.002853393555
-0.003402709961
0.003677368164
-0.01150512695
-0.002731323242
-0.01794433594
-0.000244140625
-0.002532958984
-0.00927734375
-0.02056884766
-0.0001068115234
-0.004837036133
-0.01431274414
0.002227783203
0.003402709961
0.01148986816
-0.01522827148
-0.01612854004
0.001815795898
0.02040100098
-0.0227355957
-0.01318359375
0.01513671875
0.009658813477
-0.001892089844
-0.002105712891
-0.02062988281
-0.02062988281
-0.01095581055
-0.03099060059
-0.009002685547
0.01986694336
-0.01084899902
-0.00944519043
-0.01141357422
-0.002136230469
-0.002487182617
-0.01058959961
-0.0005493164062
-0.003677368164
-0.001007080078
0.0009765625
-0.002563476562
-0.003280639648
-0.003387451172
-0.00276184082
-0.01412963867
0.002853393555
-6.103515625e-05
