0.003571112873033
0.003810211317614
-0.005211287178099
-0.010091342031956
0.012242042459548
0.006351341027766
-0.011005991138518
-0.013536791317165
-0.001875016023405
0.000881449785084
0.013776545412838
0.001879938412458
-0.008152470923960
-0.000484184623929
0.003458569059148
-0.006652332842350
-0.028363974764943
0.021676642820239
0.030503621324897
-0.036056526005268
0.021801996976137
0.032665148377419
0.012715164572001
0.036347351968288
0.039402842521667
0.012668404728174
-0.001527173677459
0.028306750580668
0.005055177491158
-0.038592986762524
0.015002104453743
0.010493936948478
-0.001818007673137
0.003922315314412
-0.001896990113892
-0.001035720459186
0.007818483747542
-0.001808202709071
0.002748614177108
-0.002662551356480
0.006970755755901
-0.002328163245693
0.013071121647954
0.006005080416799
0.000123034900753
-0.002124255755916
0.001301957643591
0.001415276085027
0.004409130662680
0.001960854278877
0.002076196949929
-0.014907079748809
0.001505402848125
0.006966601591557
-0.001681053661741
-0.000583138375077
0.005092487204820
-0.001337965950370
0.006821383256465
-0.000027334379411
0.004039451479912
-0.008198604919016
-0.009875979274511
0.000517325475812
0.005743655841798
-0.001867470913567
0.000970023334958
0.001052250037901
0.013509933836758
0.008351859636605
0.000566547038034
0.004685474094003
-0.002358808415011
0.005738670006394
0.012471878901124
0.008954295888543
0.000133767418447
-0.011140353046358
0.003258422948420
-0.002131939632818
0.008621645160019
0.010295905172825
0.025369424372911
-0.013496770523489
0.005049508064985
-0.008978199213743
0.008052631281316
-0.021062061190605
-0.024127464741468
0.011290865950286
-0.008834190666676
-0.009342240169644
-0.014602884650230
-0.007753723766655
-0.017550069838762
-0.011815036647022
-0.013945391401649
0.000672629976179
0.004263726994395
-0.002174193970859
0.009726725518703
-0.004393110051751
-0.004312372300774
-0.007259994279593
-0.006611153017730
0.000528859440237
-0.000669233035296
-0.002584983129054
-0.002970875939354
-0.001399001223035
0.000387056352338
0.001392232254148
0.030747951939702
0.036395881325006
-0.015624328516424
0.018306119367480
0.009524066001177
-0.005144014488906
0.022326078265905
-0.004312522709370
0.005563795566559
-0.009494903497398
-0.021894143894315
-0.028466124087572
-0.026234656572342
0.029198851436377
0.016459096223116
0.011231692507863
-0.013693297281861
0.003844447899610
0.010646700859070
-0.003907752688974
0.000707190250978
-0.002913538832217
0.009757910855114
0.011700456030667
-0.004129425622523
-0.021938677877188
-0.009882555343211
0.011712169274688
0.000776888744440
0.003702462883666
-0.004894893616438
-0.006713232956827
0.089589677751064
0.101379193365574
-0.261441886425018
0.241552472114563
-0.134579658508301
-0.322648793458939
-0.255704432725906
-0.278187334537506
-0.312894999980927
0.309343546628952
0.001578803174198
0.314637899398804
0.291170090436935
-0.001085681607947
0.001402905094437
-0.297759383916855
