0.001037597656
0.001373291016
-0.008193969727
-0.01371765137
0.01062011719
0.004150390625
-0.01477050781
-0.01737976074
-0.004684448242
-0.001953125
0.01214599609
-0.0007019042969
-0.01161193848
-0.003356933594
0.0009918212891
-0.009750366211
-0.02914428711
0.01515197754
0.02320861816
-0.03610229492
0.01611328125
0.02513122559
0.0078125
0.02828979492
0.03106689453
0.007629394531
-0.005661010742
0.02154541016
0.0003967285156
-0.03848266602
0.009887695312
0.005294799805
-0.003936767578
0.00163269043
-0.003952026367
-0.002883911133
0.005340576172
-0.003967285156
0.001159667969
-0.004333496094
0.004257202148
-0.004364013672
0.01019287109
0.003570556641
-0.001739501953
-0.004028320312
-0.0005950927734
-0.0001373291016
0.002319335938
-4.577636719e-05
0.0001678466797
-0.01887512207
-0.0005493164062
0.004928588867
-0.004455566406
-0.002960205078
0.002914428711
-0.004150390625
0.004776000977
-0.002624511719
0.002151489258
-0.01104736328
-0.01330566406
-0.001602172852
0.003005981445
-0.003952026367
-0.001281738281
-0.001052856445
0.009826660156
0.005294799805
-0.001556396484
0.002136230469
-0.004119873047
0.002975463867
0.008895874023
0.005798339844
-0.001861572266
-0.01188659668
0.000732421875
-0.004089355469
0.006332397461
0.008575439453
0.02442932129
-0.01936340332
0.002395629883
-0.01457214355
0.005676269531
-0.02786254883
-0.03135681152
0.009338378906
-0.01432800293
-0.01344299316
-0.02079772949
-0.01290893555
-0.0240020752
-0.01805114746
-0.01905822754
-0.00178527832
0.002487182617
-0.005081176758
0.009140014648
-0.007598876953
-0.007629394531
-0.0111541748
-0.01045227051
-0.001922607422
-0.003265380859
-0.005599975586
-0.006042480469
-0.00407409668
-0.001846313477
-0.0006866455078
0.02449035645
0.0295715332
-0.0179901123
0.0129699707
0.004318237305
-0.007858276367
0.01623535156
-0.00862121582
0.001663208008
-0.01170349121
-0.02523803711
-0.02949523926
-0.02809143066
0.02270507812
0.01104736328
0.00617980957
-0.01759338379
0.001068115234
0.008178710938
-0.007598876953
-0.002090454102
-0.006332397461
0.007919311523
0.009643554688
-0.007308959961
-0.02696228027
-0.01400756836
0.009689331055
-0.002410888672
0.001220703125
-0.008407592773
-0.0103302002
0.08595275879
0.0972442627
-0.2648620605
0.2378082275
-0.1379852295
-0.325958252
-0.2586975098
-0.2816772461
-0.3160247803
0.30519104
-0.002258300781
0.3109130859
0.2871704102
-0.004959106445
-0.002182006836
-0.3011322021
