-0.004882089793682
-0.002543749054894
0.002921822480857
0.002964079147205
-0.003709969110787
0.014491434209049
0.004557397682220
0.002777580870315
0.002818996552378
0.015016341581941
-0.002143374411389
0.001954387174919
0.002658104058355
-0.004098648671061
-0.004174770787358
0.008275520056486
-0.001010533422232
0.002526226919144
0.000062142033130
0.001399982022122
0.000539870234206
0.002020208397880
-0.002095402218401
-0.001125600072555
-0.001433440251276
0.000856344995555
-0.000814628845546
0.004005916882306
0.003082573646680
0.001325622433797
0.001983679598197
-0.005553629249334
-0.335033953189850
-0.106313094496727
-0.341963410377502
-0.084455944597721
-0.051337268203497
-0.281356751918793
0.334066718816757
-0.103595718741417
-0.242259547114372
-0.301665753126144
-0.145042061805725
-0.245443999767303
-0.006127939093858
-0.068706288933754
0.279838591814041
0.369442433118820
0.015672855079174
-0.007158990483731
-0.002284034620970
0.019871812313795
-0.016166649758816
0.016677320003510
0.017105875536799
-0.022486662492156
0.023664174601436
0.005840054247528
0.005529008805752
0.042465932667255
0.010552913881838
-0.023709962144494
0.043618012219667
-0.035552330315113
-0.006427688058466
0.000759582035244
-0.012078757397830
-0.001492797629908
0.002222608774900
-0.004555216524750
0.007488646078855
0.010802417993546
0.004342261701822
-0.006708012893796
0.008890948258340
-0.002788264537230
-0.013494527898729
-0.001276649767533
-0.002480715280399
-0.003206441178918
0.013475594110787
-0.011979837901890
-0.014358633197844
0.006831046659499
-0.010241444222629
-0.008474967442453
-0.001598820672370
0.003358317306265
0.005930325482041
-0.006353748496622
0.007839513011277
-0.002509742043912
-0.003454738995060
-0.000600153172854
-0.003067856421694
-0.014813490211964
-0.006260623224080
-0.010292273014784
0.006196295376867
-0.005947084166110
-0.004340558312833
0.027347629889846
-0.004976395517588
0.019349612295628
-0.000740622868761
0.005117855034769
-0.024339670315385
0.010037079453468
0.004628863651305
0.004401597660035
0.008531143888831
0.007889941334724
0.015341944061220
0.030896160751581
-0.008758497424424
-0.046134870499372
0.003278140211478
-0.017147498205304
0.008868655189872
-0.019380344077945
0.001798905781470
0.026458101347089
-0.008800756186247
-0.030671425163746
0.011509796604514
0.035423442721367
0.007284849882126
0.014467389322817
-0.013507092371583
0.012539589777589
0.017264571040869
-0.020693879574537
-0.020668212324381
0.002451454289258
0.005514505784959
0.017792480066419
-0.019456882029772
0.017639873549342
0.005490705836564
0.020817747339606
0.004705127328634
-0.005481397733092
0.002480247290805
0.015638137236238
0.016871513798833
-0.002559126121923
-0.005227256100625
0.011069478467107
0.004106871318072
0.002410450484604
-0.018029715865850
0.006735891103745
0.001681732479483
0.013564934954047
-0.022023627534509
0.004973364993930
0.008813643828034
-0.011800963431597
0.002352465176955
-0.001835574861616
