-0.006805419922
-0.004623413086
0.0005798339844
0.0005035400391
-0.005554199219
0.0113067627
0.001968383789
0.0002899169922
0.0003356933594
0.01171875
-0.004104614258
-0.0004425048828
0.0001983642578
-0.006134033203
-0.006134033203
0.00553894043
-0.002532958984
0.001098632812
-0.001693725586
0.0001678466797
-0.0009460449219
0.00048828125
-0.003845214844
-0.002960205078
-0.003326416016
-0.0006408691406
-0.002532958984
0.002700805664
0.001831054688
7.629394531e-05
0.0005798339844
-0.007705688477
-0.338104248
-0.1106719971
-0.3437347412
-0.08728027344
-0.05528259277
-0.2851715088
0.3307037354
-0.1046142578
-0.2468261719
-0.3043060303
-0.1492614746
-0.2458953857
-0.009368896484
-0.07322692871
0.2722625732
0.3650512695
0.01182556152
-0.01177978516
-0.007232666016
0.01571655273
-0.02096557617
0.01280212402
0.01318359375
-0.02711486816
0.01971435547
0.001754760742
0.001678466797
0.03816223145
0.005355834961
-0.02844238281
0.03935241699
-0.0400390625
-0.0101776123
-0.002197265625
-0.01638793945
-0.00422668457
-0.0004730224609
-0.008026123047
0.005813598633
0.009552001953
0.002380371094
-0.01054382324
0.006973266602
-0.006210327148
-0.01774597168
-0.003875732422
-0.005630493164
-0.006530761719
0.01248168945
-0.01623535156
-0.01954650879
0.004364013672
-0.01443481445
-0.01306152344
-0.004623413086
0.0003967285156
0.00325012207
-0.01016235352
0.00537109375
-0.005661010742
-0.007263183594
-0.004089355469
-0.006958007812
-0.02038574219
-0.009292602539
-0.01329040527
0.002868652344
-0.008911132812
-0.007308959961
0.02378845215
-0.008041381836
0.01577758789
-0.003997802734
0.001831054688
-0.02700805664
0.006607055664
0.001358032227
0.001205444336
0.005432128906
0.004608154297
0.01043701172
0.02568054199
-0.01240539551
-0.05096435547
-0.001708984375
-0.02069091797
0.003829956055
-0.02415466309
-0.002365112305
0.02326965332
-0.01371765137
-0.03387451172
0.007858276367
0.03021240234
0.002471923828
0.009536743164
-0.01643371582
0.008651733398
0.01319885254
-0.02406311035
-0.02346801758
-0.00129699707
0.002304077148
0.01385498047
-0.02221679688
0.01338195801
0.001403808594
0.01681518555
0.0008697509766
-0.00846862793
-0.00114440918
0.01164245605
0.01419067383
-0.005722045898
-0.008605957031
0.008377075195
0.001113891602
-0.0008544921875
-0.02153015137
0.003616333008
-0.001556396484
0.01095581055
-0.0255279541
0.002258300781
0.006118774414
-0.0152130127
-0.0006256103516
-0.005142211914
