-0.255192279815674
-0.310085564851761
0.182386025786400
-0.270216435194016
0.348445415496826
-0.255195856094360
-0.188588798046112
0.070345856249332
0.221796512603760
-0.138951629400253
0.305141866207123
0.121567010879517
-0.215804547071457
-0.175484284758568
-0.075360484421253
0.331378996372223
0.002277422463521
-0.003619139082730
0.005893282126635
-0.001630043378100
0.005985999479890
0.000201538248803
-0.002438804833218
0.001905766781420
0.001221255515702
0.000053273204685
-0.000610692368355
0.001452454715036
-0.004158372059464
-0.002205201657489
0.002055126475170
0.002593348501250
-0.000795826199464
-0.006640295963734
0.003885833546519
0.008091193623841
-0.016043344512582
-0.003423258196563
0.002838055836037
0.000871913274750
-0.001614038017578
-0.004618246108294
0.003851881949231
-0.003711245954037
-0.005114528350532
-0.010306656360626
0.016333565115929
0.005846707616001
-0.011114466935396
0.011094552464783
0.000537092390005
0.002799128880724
-0.004323632456362
0.009668744169176
0.002043000888079
0.005765728652477
0.001211773953401
-0.007284701801836
-0.009072734043002
-0.002304068766534
0.000578407780267
0.018822479993105
-0.003206440713257
0.009743568487465
0.006707376334816
0.000724427925888
0.009427294135094
-0.050648037344217
0.002478950424120
0.017027145251632
-0.009059228934348
0.004252133425325
-0.014017531648278
0.011354782618582
0.031453274190426
0.011242855340242
-0.001331021310762
-0.012918151915073
0.027074884623289
0.020701071247458
-0.009510385803878
0.007973725907505
0.023239988833666
-0.010938859544694
-0.019345335662365
-0.002761435927823
-0.001111249090172
0.000928602530621
0.008945537731051
0.004678813274950
-0.008344056084752
-0.005094284657389
-0.011416022665799
0.013929253444076
0.000535130442586
-0.016455272212625
0.004277967382222
0.004009155556560
0.006151477340609
-0.002395835937932
0.001004155026749
-0.012497734278440
0.003693308215588
-0.000209112069570
0.001749049872160
0.000591010088101
0.005975636653602
-0.004959730897099
-0.003358344547451
-0.000926841516048
-0.007384684402496
-0.002883880399168
0.001455209567212
0.012998457066715
-0.017387766391039
-0.006787548307329
-0.002819569548592
0.003398177679628
0.015264495275915
-0.012058467604220
-0.004094799980521
0.005265969317406
0.007178023457527
-0.017165968194604
0.000720845942851
0.022114075720310
0.002863761503249
0.011439110152423
-0.015519829466939
0.015454825945199
-0.001866471488029
0.011532978154719
-0.017128331586719
0.000040353974327
0.005843083374202
0.008566277101636
-0.009677443653345
0.000286015798338
-0.012465727515519
0.003589572384953
-0.009529985487461
0.009321573190391
-0.015534065663815
0.004650547169149
-0.001371191232465
-0.005942122545093
-0.001775108277798
-0.001975939143449
0.008992979303002
-0.004466851241887
-0.002909430768341
-0.000005873835107
-0.005679903551936
0.006096181925386
0.002936972538009
0.004283966496587
0.002428973559290
0.004247147589922
-0.004042913671583
-0.000913414638489
