-0.2592010498
-0.3136291504
0.17918396
-0.2741394043
0.3438873291
-0.2581939697
-0.193359375
0.06573486328
0.2173156738
-0.1443634033
0.30128479
0.1172180176
-0.2203521729
-0.1804656982
-0.07919311523
0.3269958496
0.0007934570312
-0.005432128906
0.00439453125
-0.003219604492
0.00456237793
-0.001525878906
-0.004165649414
0.0002593994141
-0.0004577636719
-0.001617431641
-0.00227355957
-0.0002288818359
-0.005935668945
-0.003845214844
0.0004730224609
0.0009918212891
-0.004592895508
-0.01058959961
0.0008544921875
0.00602722168
-0.02088928223
-0.007385253906
0.001174926758
-0.001800537109
-0.00537109375
-0.008605957031
0.0009307861328
-0.007247924805
-0.008453369141
-0.01455688477
0.01559448242
0.004547119141
-0.01354980469
0.008407592773
-0.002029418945
4.577636719e-05
-0.0068359375
0.006942749023
-0.0005798339844
0.003067016602
-0.001388549805
-0.009841918945
-0.01164245605
-0.004867553711
-0.002044677734
0.0160369873
-0.005767822266
0.007064819336
0.002517700195
-0.003875732422
0.005081176758
-0.05316162109
-0.001968383789
0.01260375977
-0.01252746582
0.0004272460938
-0.01739501953
0.00700378418
0.02633666992
0.006759643555
-0.004806518555
-0.01614379883
0.02226257324
0.01596069336
-0.01324462891
0.005599975586
0.02165222168
-0.01538085938
-0.02381896973
-0.006484985352
-0.00439453125
-0.00260925293
0.005996704102
0.002014160156
-0.01260375977
-0.00862121582
-0.0158996582
0.01141357422
-0.003005981445
-0.02142333984
0.002395629883
0.002212524414
0.004516601562
-0.004959106445
-0.00114440918
-0.0161895752
0.001815795898
-0.002578735352
-0.0003662109375
-0.00163269043
0.004333496094
-0.007827758789
-0.006072998047
-0.003311157227
-0.01043701172
-0.005523681641
-0.002090454102
0.009231567383
-0.01986694336
-0.009841918945
-0.006240844727
0.000732421875
0.01147460938
-0.01516723633
-0.006973266602
0.002685546875
0.003646850586
-0.01933288574
-0.001998901367
0.01817321777
-0.0005035400391
0.007843017578
-0.02000427246
0.01351928711
-0.00553894043
0.008895874023
-0.02174377441
-0.003509521484
0.003433227539
0.006134033203
-0.01361083984
-0.003326416016
-0.01712036133
0.0007781982422
-0.01390075684
0.006927490234
-0.02018737793
0.001861572266
-0.003646850586
-0.008682250977
-0.00422668457
-0.004180908203
0.007781982422
-0.007263183594
-0.005401611328
-0.00227355957
-0.008544921875
0.004745483398
0.001205444336
0.002838134766
0.0007019042969
0.002578735352
-0.006637573242
-0.003356933594
