0
0
0
0
0
0
0
0
0
0
0
0
0
0
0
0
0
0
0
0
0
0
0
0
0
0
0
0
0
0
0
0
0
0
0
0
0
0
0
0
0
0
0
0
0
0
0
0
0
0
0
0
0
0
0
0
0
0
0
0
0
0
0
0
0
0
0
0
0
0
0
0
0
0
0
0
0
0
0
0
0
0
0
0
0
0
0
0
0
0
0
0
0
0
0
0
0
0
0
0
0
0
0
0
0
0
0
0
0
0
0
0
0
0
0
0
0
0
0
0
0
0
0
0
0
0
0
0
0
0
0
0
0
0
0
0
0
0
0
0
0
0
0
0
0
0
0
0
0
0
0
0
0
0
0
0
0
0
0
0
0
0
0
0
0
0
0
0
0
0
0
0
0
0
0
0
0
0
0
0.05490196124
0.5843137503
0.7568627596
0.01960784383
0
0
0
0
0
0
0
0
0
0
0
0
0
0
0
0
0
0
0
0
0
0
0
0.3568627536
0.8784313798
0.9921568632
0.9921568632
0.07450980693
0
0
0
0
0
0
0
0
0
0
0
0
0
0
0
0
0
0
0
0
0
0
0.1098039225
0.9215686321
0.9960784316
0.9921568632
0.9921568632
0.650980413
0.07058823854
0
0
0
0
0
0
0
0
0
0
0
0
0
0
0
0
0
0
0
0
0
0.5647059083
0.9921568632
0.9960784316
0.9921568632
0.9921568632
0.9921568632
0.9333333373
0.4509803951
0.02352941222
0
0
0
0
0
0
0
0
0
0
0
0
0
0
0
0
0
0
0.1215686277
0.9450980425
0.9921568632
0.8156862855
0.7254902124
0.9921568632
0.9921568632
0.9921568632
0.9058823586
0.0941176489
0
0
0
0
0
0
0
0
0
0
0
0
0
0
0
0
0
0
0.3098039329
0.9960784316
0.7568627596
0
0.03137255087
0.3843137324
0.8588235378
0.9960784316
1
0.7882353067
0.07058823854
0
0
0
0
0
0
0
0
0
0
0
0
0
0
0
0
0
0.3372549117
0.9921568632
0.3137255013
0
0
0
0.7137255073
0.9921568632
0.9960784316
0.7490196228
0.04705882445
0
0
0
0
0
0
0
0
0
0
0
0
0
0
0
0
0
0.6862745285
0.9921568632
0.6078431606
0
0
0
0.9176470637
0.9921568632
0.9960784316
0.5294117928
0
0
0
0
0
0
0
0
0
0
0
0
0
0
0
0
0
0
0.3372549117
0.9921568632
0.8156862855
0.1568627506
0.3333333433
0.650980413
0.9843137264
0.9294117689
0.9960784316
0.9254902005
0.1647058874
0
0
0
0
0
0
0
0
0
0
0
0
0
0
0
0
0
0.07058823854
0.9333333373
0.9921568632
0.9960784316
0.9921568632
0.9921568632
0.7254902124
0.1411764771
0.8470588326
0.9921568632
0.5960784554
0
0
0
0
0
0
0
0
0
0
0
0
0
0
0
0
0
0
0.2666666806
0.9411764741
1
0.9960784316
0.5686274767
0.03137255087
0
0.5254902244
0.9960784316
0.8745098114
0.1372549087
0
0
0
0
0
0
0
0
0
0
0
0
0
0
0
0
0
0
0.2666666806
0.6196078658
0.5568627715
0.04705882445
0
0
0.03529411927
0.6862745285
0.9921568632
0.631372571
0
0
0
0
0
0
0
0
0
0
0
0
0
0
0
0
0
0
0
0
0
0
0
0
0
0.3450980484
0.9921568632
0.8862745166
0.07058823854
0
0
0
0
0
0
0
0
0
0
0
0
0
0
0
0
0
0
0
0
0
0
0
0
0.007843137719
0.650980413
0.9921568632
0.4941176474
0
0
0
0
0
0
0
0
0
0
0
0
0
0
0
0
0
0
0
0
0
0
0
0
0
0.1882352978
0.9607843161
0.9921568632
0.1490196139
0
0
0
0
0
0
0
0
0
0
0
0
0
0
0
0
0
0
0
0
0
0
0
0
0
0.4509803951
0.9960784316
0.6745098233
0.03529411927
0
0
0
0
0
0
0
0
0
0
0
0
0
0
0
0
0
0
0
0
0
0
0
0
0.08235294372
0.8549019694
0.9960784316
0.180392161
0
0
0
0
0
0
0
0
0
0
0
0
0
0
0
0
0
0
0
0
0
0
0
0
0
0.1176470593
0.9960784316
0.6470588446
0
0
0
0
0
0
0
0
0
0
0
0
0
0
0
0
0
0
0
0
0
0
0
0
0
0
0.7294117808
0.9568627477
0.1647058874
0
0
0
0
0
0
0
0
0
0
0
0
0
0
0
0
0
0
0
0
0
0
0
0
0
0.05490196124
0.8745098114
0.3058823645
0
0
0
0
0
0
0
0
0
0
0
0
0
0
0
0
0
0
0
0
0
0
0
0
0
0
0
0
0
0
0
0
0
0
0
0
0
0
0
0
0
0
0
0
0
0
0
0
0
0
0
0
0
0
0
0
0
0
0
0
