-0.01255418733
0.005298495758
-0.009179912508
-0.006473853253
0.01391007006
-0.003755882848
-0.008497722447
0.003215252189
-0.01482845843
-0.02121047676
-0.01076734904
0.009933664463
-0.000687173917
-0.02057251707
-0.002710509114
-0.003127339529
-0.002317835577
0.003031851258
0.00122500665
-0.003105460433
-0.001461033826
0.001227355679
0.001829384244
0.002119037323
0.004301109817
0.004073973279
-0.001061891322
-0.0007096020854
0.007397748996
-0.003862289013
-0.006555617321
0.003114383435
-0.0255391039
-0.01480832323
-0.005621577613
0.002334112069
0.009371267632
-0.006732732523
0.009995550849
0.01974283531
-0.02187660336
0.008567422628
-0.007426736411
-0.002668901114
0.006806036923
-0.01891724207
-0.01434121281
-0.007717778906
-0.00507997768
-0.007750817575
-0.02244598605
0.003169600852
0.005484378897
0.003520364873
0.01507601608
0.009514074773
-0.006353330798
0.01055890042
0.017353734
-0.00690155942
-0.002705730963
0.001889593084
0.0168358665
-0.01332245022
0.0008024099516
0.005666954909
0.00342229032
0.006424264982
0.008611859754
0.006327778101
-0.003964021802
-0.008920877241
-0.0143470848
0.008109967224
0.002058197046
0.0001156612416
-0.03069918416
0.01314285211
0.00933795888
0.01696534827
0.02400930785
0.01965658739
0.0002483277931
0.0007542918902
0.02895853855
-0.01971096545
0.03240742162
-0.02586650662
-0.01168828364
0.03701183572
-0.03242653981
-0.004164147191
-0.02086930163
0.02033763379
0.0007593541523
-0.03355963901
-0.0006604859373
0.002794817556
-0.02225722745
0.001874854206
0.008478180505
-0.002295959974
-9.479714936e-05
0.00176791579
-0.01112855785
0.01107931416
-0.01208466105
0.009741820395
-0.02289700694
-0.001292045461
0.03153746948
0.001707774471
0.0059797992
-0.003191783559
0.007456482854
0.005889519583
-0.001354795299
0.01428266987
-0.009457523003
-0.004399279132
0.01901835203
-0.00077320938
-0.004484829493
0.007311983965
-0.006646755151
-0.006833134219
0.01463285275
-0.0004013783764
-0.01076504122
0.006781467702
-0.01482865866
0.005513540003
-0.0009409353952
0.01195538417
-0.0234864857
0.007711054757
0.003718881635
-0.01791978255
-0.005599436816
0.0109741753
0.01535535417
-0.001262694015
0.009288792498
-0.002459730254
0.2486138642
-0.1163302884
-0.262262404
0.2938553989
-0.06225178018
-0.2593032718
-0.2719150782
-0.2766731381
-0.2787812352
0.2929922342
-0.0722348243
0.2678742111
0.2948116064
0.1023165435
0.06173230708
-0.25793311
