0
0
0
0
0
0
0
0
0
0
0
0
0
0
0
0
0
0
0
0
0
0
0
0
0
0
0
0
0
0
0
0
0
0
0
0
0
0
0
0
0
0
0
0
0
0
0
0
0
0
0
0
0
0
0
0
0
0
0
0
0
0
0
0
0
0
0
0
0
0
0
0
0
0
0
0
0
0
0
0
0
0
0
0
0
0
0
0
0
0
0
0
0
0
0
0
0
0
0
0
0
0
0
0
0
0
0
0
0
0
0
0
0
0
0
0
0
0
0
0
0
0
0
0
0.04313725606
0.5882353187
0.9921568632
0.7921568751
0.1215686277
0
0
0
0
0
0
0
0
0
0
0
0
0
0
0
0
0
0
0
0
0
0
0
0.1450980455
0.9843137264
0.9843137264
0.9921568632
0.4196078479
0
0
0
0
0
0
0
0
0
0
0
0
0
0
0
0
0
0
0
0
0
0
0.08235294372
0.7725490332
0.9843137264
0.9843137264
0.9921568632
0.4196078479
0
0
0
0
0
0
0
0
0
0
0
0
0
0
0
0
0
0
0
0
0
0.4313725531
0.7450980544
0.9843137264
0.9843137264
0.9843137264
0.9921568632
0.6627451181
0.4274509847
0.2431372553
0
0
0
0
0
0
0
0
0
0
0
0
0
0
0
0
0
0
0
0.9921568632
0.9843137264
0.9843137264
0.9843137264
0.9843137264
0.9921568632
0.9843137264
0.9843137264
0.8627451062
0.200000003
0
0
0
0
0
0
0
0
0
0
0
0
0
0
0
0
0
0.7137255073
1
0.9921568632
0.9921568632
0.9921568632
0.9921568632
0.9176470637
0.870588243
0.9921568632
0.9921568632
0.9921568632
0
0
0
0
0
0
0
0
0
0
0
0
0
0
0
0
0.2470588237
0.8666666746
0.9921568632
0.9843137264
0.9843137264
0.9843137264
0.5764706135
0.3019607961
0.2431372553
0.501960814
0.9843137264
0.9843137264
0.4117647111
0
0
0
0
0
0
0
0
0
0
0
0
0
0
0.1254902035
0.9058823586
0.9843137264
0.9921568632
0.9843137264
0.8627451062
0.5372549295
0.03921568766
0
0
0.1215686277
0.9019607902
0.9843137264
0.9529411793
0.4431372583
0.01960784383
0
0
0
0
0
0
0
0
0
0
0
0
0.1450980455
0.9843137264
0.9843137264
0.9921568632
0.7372549176
0.07843137532
0
0
0
0
0
0.4274509847
0.9843137264
0.9921568632
0.9843137264
0.1372549087
0
0
0
0
0
0
0
0
0
0
0
0
0.1450980455
0.9843137264
0.9843137264
0.7882353067
0.1176470593
0
0
0
0
0
0
0.1215686277
0.7843137383
0.9921568632
0.9843137264
0.1372549087
0
0
0
0
0
0
0
0
0
0
0
0
0.1450980455
0.9921568632
0.9921568632
0
0
0
0
0
0
0
0
0.1254902035
0.7921568751
1
0.9921568632
0.6431372762
0
0
0
0
0
0
0
0
0
0
0
0
0.5490196347
0.9843137264
0.9843137264
0
0
0
0
0
0
0
0
0.4274509847
0.9843137264
0.9921568632
0.9843137264
0.1372549087
0
0
0
0
0
0
0
0
0
0
0
0
0.850980401
0.9843137264
0.9843137264
0
0
0
0
0
0
0.08235294372
0.2470588237
0.9058823586
0.9843137264
0.9921568632
0.9019607902
0.1176470593
0
0
0
0
0
0
0
0
0
0
0
0
0.850980401
0.9843137264
0.9843137264
0
0
0
0
0
0
0.5647059083
0.9843137264
0.9843137264
0.9843137264
0.8666666746
0.2392156869
0
0
0
0
0
0
0
0
0
0
0
0
0
0.850980401
0.9843137264
0.9843137264
0
0
0
0
0
0.7137255073
0.8666666746
0.9843137264
0.9843137264
0.9843137264
0.7058823705
0
0
0
0
0
0
0
0
0
0
0
0
0
0
0.8549019694
0.9921568632
0.9921568632
0.2862745225
0.2862745225
0.8941176534
0.9921568632
0.9921568632
1
0.9921568632
0.9921568632
0.9921568632
0.9921568632
0
0
0
0
0
0
0
0
0
0
0
0
0
0
0
0.4431372583
0.9843137264
0.9843137264
0.9921568632
0.9843137264
0.9843137264
0.9843137264
0.9843137264
0.9921568632
0.9843137264
0.9843137264
0.9843137264
0.5764706135
0
0
0
0
0
0
0
0
0
0
0
0
0
0
0
0.1215686277
0.9019607902
0.9843137264
0.9921568632
0.9843137264
0.9843137264
0.9843137264
0.9843137264
0.9921568632
0.9019607902
0.741176486
0.1372549087
0.03921568766
0
0
0
0
0
0
0
0
0
0
0
0
0
0
0
0
0.2431372553
0.5568627715
0.9921568632
0.9843137264
0.9843137264
0.9843137264
0.9843137264
0.9921568632
0.4196078479
0
0
0
0
0
0
0
0
0
0
0
0
0
0
0
0
0
0
0
0
0
0.2823529541
0.6823529601
0.9843137264
0.6784313917
0.2784313858
0.2823529541
0.1176470593
0
0
0
0
0
0
0
0
0
0
0
0
0
0
0
0
0
0
0
0
0
0
0
0
0
0
0
0
0
0
0
0
0
0
0
0
0
0
0
0
0
0
0
0
0
0
0
0
0
0
0
0
0
0
0
0
0
0
0
0
0
0
0
0
0
0
0
0
0
0
0
0
0
0
0
0
0
0
0
0
0
0
0
0
0
0
0
0
0
0
0
0
0
0
0
0
0
0
0
0
0
0
0
0
0
0
0
0
0
0
0
0
0
0
0
0
0
0
0
0
0
0
0
