-0.2368561774
-0.2544135153
0.2027325779
-0.2414599359
0.3167622387
-0.2186796069
-0.209172532
0.1063467786
0.1884298176
-0.2893872857
0.3003238738
0.1530356854
-0.2650368214
-0.2772113979
0.003959232476
0.2593202591
0.0001003351936
0.001483194297
-0.005222404376
0.0007440857589
-0.001152366283
-0.001266692299
-0.006538105663
-0.0004554688057
-0.0008008411969
4.625899237e-05
-0.001771333395
-0.002837248379
0.001850270666
0.0006537911249
-0.002286800649
0.001313538174
-0.005287504755
-0.01829275303
-0.00623148866
0.007063778583
0.0006038822467
-0.005324327387
0.001757322345
0.006974528544
-0.004829068668
0.001695919433
-0.01642911509
0.01259340346
0.002435531467
-0.002949010115
-0.002373791067
-0.001033851295
-0.0006899493164
-1.041237829e-05
-0.002243396593
-0.01152352151
-0.006201949902
0.0006542293704
0.01146849617
0.008318345994
-0.002254326129
-0.008733269759
0.001498001628
-0.007135604043
-0.01056930795
0.01040775515
0.003149417462
0.004174548667
0.01510843728
0.02067960054
0.01679903269
-0.00719434116
0.01867799833
0.01411073469
-0.01131831761
-0.01423493214
-0.02691335231
0.02101941779
0.008198079653
0.01331685018
0.009228775278
-0.009766997769
0.01072277408
0.0233720392
0.003968627192
0.009278131649
0.02038980275
-0.02414495125
0.00452635996
-0.006812508684
-0.001179181621
-0.0119241504
-0.001391825615
0.02083486877
0.0004853567807
-0.01079350151
-0.02770294063
0.004884041846
-0.01644052379
-0.01296818163
0.006773945875
0.01632493176
0.006221293472
0.02604019269
-0.0001339175215
9.3543822e-05
-0.002857138403
-0.009147917852
-0.003253504401
-0.01646164805
-0.005884238519
-0.008832843043
-0.01420169231
-0.00349487178
0.006041116547
-0.001707922085
0.01064042374
-0.001864626538
0.01456139795
0.006414844189
-0.004553872161
0.008125578985
-0.006741614547
-0.007693871856
0.002945985645
0.007130061742
0.003843949875
-0.002336393343
0.00224427483
0.002489472739
0.0031272294
-0.001054059598
-0.00695770653
0.0143416822
-0.004437632859
-0.002405662322
-0.01913961954
0.01084045973
0.004611171782
0.001458849874
-0.01410254091
-0.006807316095
-0.002195578068
-0.0002263823844
-0.001907713362
-0.01809475012
-0.007440865505
0.01544101536
0.01251816005
-0.01143979281
0.007234128658
0.004754989408
0.007197852712
-0.003947352991
-0.003918457311
-0.01036172174
-0.01107950788
0.007715331856
-0.03148082644
-0.0005162216257
0.008105642162
-0.003205185989
0.006076341495
0.006184545811
