-0.014814831316471
0.004716766066849
-0.009955251589417
-0.005341883283108
0.017413735389709
-0.000097149815701
-0.007713361177593
-0.002312249271199
-0.017876703292131
-0.018329799175262
-0.011209066025913
0.005831780377775
0.000885110930540
-0.021645022556186
-0.005119900684804
-0.003495969576761
-0.005971647333354
0.006962133105844
0.005118750967085
-0.008564807474613
-0.000836899445858
0.005369137972593
-0.001238010707311
0.006677858997136
0.009623236022890
0.008211430162191
-0.002035942161456
0.003503223648295
0.010623232461512
-0.009676580317318
-0.004885853733867
0.007833223789930
-0.027154710143805
-0.026436559855938
-0.004346024245024
0.004337478894740
0.009665526449680
-0.010300952009857
0.009831414557993
0.025843156501651
-0.025928786024451
0.006867863703519
-0.007162630092353
-0.003472240408882
-0.000065771513619
-0.023210315033793
-0.016962025314569
-0.010659855790436
-0.002185745863244
-0.001890188781545
-0.020521733909845
-0.004458293784410
0.007165913004428
0.001401484478265
0.013257759623230
0.009247257374227
-0.009140769019723
0.007381073664874
0.018211482092738
-0.007384556345642
-0.000598667887971
0.005865999963135
0.011897110380232
-0.013205926865339
0.008091949857771
0.017218505963683
0.007324870210141
0.002711793174967
0.031687520444393
0.013970253057778
-0.005716642830521
-0.014516655355692
-0.022206528112292
0.018982158973813
0.009622701443732
0.008940125815570
-0.045723527669907
0.009343408979475
0.011674856767058
0.022567795589566
0.027321217581630
0.027650419622660
0.002967679873109
-0.004213515669107
0.035712752491236
-0.025431782007217
0.029676580801606
-0.030928315594792
-0.018333662301302
0.041062664240599
-0.041018541902304
-0.001656602835283
-0.032706934958696
0.032985210418701
-0.009827516973019
-0.040516234934330
0.001114037237130
0.005042074713856
-0.026532070711255
0.005234232172370
0.005899584852159
-0.000152056760271
0.005047868937254
0.005380896851420
-0.013563466258347
0.011400454677641
-0.021080775186419
0.019447717815638
-0.029314709827304
-0.006593834608793
0.036845125257969
-0.001463769935071
0.010353128425777
0.002884781686589
0.003548854263499
0.005614131223410
-0.002653859090060
0.012657148763537
-0.006022152956575
-0.005713766906410
0.021870251744986
-0.001809890032746
-0.005424904171377
0.000474393833429
-0.007752106059343
-0.000089850473159
0.023082198575139
0.000812788086478
-0.015686616301537
0.011735854670405
-0.016671607270837
0.006275590043515
-0.004623677581549
0.022508120164275
-0.033696658909321
0.009847150184214
0.001087861717679
-0.019750526174903
-0.013662423938513
0.013591718859971
0.017828166484833
-0.000118134230433
0.006674353498966
-0.002434696769342
0.249247968196869
-0.127874463796616
-0.260776102542877
0.294366270303726
-0.062754891812801
-0.258559525012970
-0.274192363023758
-0.273206204175949
-0.278050243854523
0.294029325246811
-0.074297562241554
0.265421390533447
0.294251382350922
0.102968350052834
0.058184023946524
-0.254467189311981
