-0.02133178711
0.001495361328
-0.01467895508
-0.01043701172
0.01713562012
-0.003799438477
-0.01329040527
-0.006622314453
-0.02435302734
-0.02560424805
-0.01608276367
0.003326416016
-0.003356933594
-0.02949523926
-0.009811401367
-0.007141113281
-0.007720947266
0.004150390625
0.002349853516
-0.01010131836
-0.003036499023
0.002624511719
-0.003402709961
0.003799438477
0.006591796875
0.005447387695
-0.004211425781
0.0008850097656
0.007751464844
-0.01112365723
-0.006896972656
0.005020141602
-0.0383605957
-0.03587341309
-0.01164245605
0.0001068115234
0.006134033203
-0.01885986328
0.01014709473
0.02543640137
-0.03662109375
0.001220703125
-0.01397705078
-0.009002685547
-0.004241943359
-0.0319519043
-0.02326965332
-0.01354980469
-0.005157470703
-0.004867553711
-0.02375793457
-0.007568359375
0.004257202148
-0.001541137695
0.01036071777
0.006332397461
-0.01225280762
0.004425048828
0.01544189453
-0.01052856445
-0.003662109375
0.0029296875
0.008972167969
-0.01625061035
0.003646850586
0.01214599609
0.003051757812
-0.0009765625
0.0263671875
0.009353637695
-0.009002685547
-0.01741027832
-0.02479553223
0.01409912109
0.004913330078
0.004287719727
-0.04768371582
0.005737304688
0.007354736328
0.01760864258
0.0238494873
0.02470397949
-0.002059936523
-0.01011657715
0.03248596191
-0.03216552734
0.02629089355
-0.03753662109
-0.02490234375
0.0379486084
-0.04811096191
-0.005813598633
-0.03948974609
0.02830505371
-0.01612854004
-0.0481262207
-0.002777099609
0.001388549805
-0.03128051758
0.001586914062
0.002380371094
-0.003814697266
0.001419067383
0.001708984375
-0.01800537109
0.007888793945
-0.02546691895
0.01615905762
-0.03399658203
-0.01052856445
0.03437805176
-0.00520324707
0.006652832031
-0.0005798339844
0.0009307861328
0.002243041992
-0.00569152832
0.009628295898
-0.009002685547
-0.00846862793
0.01805114746
-0.003921508789
-0.008148193359
-0.001647949219
-0.009719848633
-0.003463745117
0.01875305176
-0.002365112305
-0.01986694336
0.008392333984
-0.02142333984
0.002365112305
-0.008346557617
0.01936340332
-0.0382232666
0.006469726562
-0.002426147461
-0.02464294434
-0.01829528809
0.01039123535
0.01441955566
-0.003540039062
0.00309753418
-0.006286621094
0.244430542
-0.1311340332
-0.2647094727
0.2900848389
-0.0668182373
-0.2627716064
-0.2776031494
-0.2771911621
-0.282043457
0.2899169922
-0.07778930664
0.2617645264
0.2900085449
0.09854125977
0.0539855957
-0.2585601807
