0
0
0
0
0
0
0
0
0
0
0
0
0
0
0
0
0
0
0
0
0
0
0
0
0
0
0
0
0
0
0
0
0
0
0
0
0
0
0
0
0
0
0
0
0
0
0
0
0
0
0
0
0
0
0
0
0
0
0
0
0
0
0
0
0
0
0
0
0
0
0
0
0
0
0
0
0
0
0
0
0
0
0
0
0
0
0
0
0
0
0
0
0
0
0
0
0
0
0
0
0
0
0
0
0
0
0
0
0
0
0
0
0
0
0
0
0
0
0
0
0
0
0
0
0
0
0
0
0
0
0
0
0
0
0
0
0
0
0
0
0
0
0
0
0
0
0
0
0
0.08627451211
0.7529411912
0.5254902244
0.1254902035
0
0
0
0
0
0
0
0
0.05882352963
0.3019607961
0.01960784383
0
0
0
0
0
0
0
0
0
0
0
0
0.06666667014
0.9215686321
0.980392158
0.6627451181
0
0
0
0
0
0
0
0
0.05882352963
0.8627451062
0.9450980425
0.1450980455
0
0
0
0
0
0
0
0
0
0
0
0.07843137532
0.741176486
0.9921568632
0.5764706135
0
0
0
0
0
0
0
0
0
0.5450980663
0.9921568632
0.3921568692
0
0
0
0
0
0
0
0
0
0
0
0
0.2745098174
0.9921568632
0.9921568632
0.08235294372
0
0
0
0
0
0
0
0
0.1686274558
0.9960784316
0.6784313917
0.05098039284
0
0
0
0
0
0
0
0
0
0
0
0.08627451211
0.6000000238
0.9921568632
0.3764705956
0
0
0
0
0
0
0
0
0.1686274558
0.9058823586
0.9960784316
0.360784322
0
0
0
0
0
0
0
0
0
0
0
0
0.6392157078
1
0.8000000119
0.04313725606
0
0
0
0
0
0
0
0
0.4078431427
0.9960784316
0.6196078658
0
0
0
0
0
0
0
0
0
0
0
0
0
0.6352941394
0.9921568632
0.6980392337
0.01960784383
0
0
0
0
0
0
0.03529411927
0.5137255192
0.9294117689
0.9921568632
0
0
0
0
0
0
0
0
0
0
0
0
0
0
0.6352941394
0.9921568632
0.9921568632
0.7490196228
0.6862745285
0.2745098174
0.2745098174
0.2745098174
0.2745098174
0.521568656
0.7725490332
0.9921568632
0.9921568632
0.6627451181
0
0
0
0
0
0
0
0
0
0
0
0
0
0
0.200000003
0.8941176534
0.9921568632
0.9921568632
0.9960784316
0.9921568632
0.9921568632
0.9921568632
0.9921568632
0.9960784316
0.9921568632
0.9921568632
0.8588235378
0.1372549087
0
0
0
0
0
0
0
0
0
0
0
0
0
0
0
0.06666667014
0.2549019754
0.5372549295
0.9960784316
0.9098039269
0.5372549295
0.5372549295
0.5372549295
0.1725490242
0.9921568632
0.9921568632
0.631372571
0
0
0
0
0
0
0
0
0
0
0
0
0
0
0
0
0
0
0
0
0
0
0
0
0.1333333403
0.9960784316
0.8078431487
0.08235294372
0
0
0
0
0
0
0
0
0
0
0
0
0
0
0
0
0
0
0
0
0
0
0
0
0.6274510026
0.9921568632
0.270588249
0
0
0
0
0
0
0
0
0
0
0
0
0
0
0
0
0
0
0
0
0
0
0
0
0.3333333433
0.9960784316
0.9450980425
0.1960784346
0
0
0
0
0
0
0
0
0
0
0
0
0
0
0
0
0
0
0
0
0
0
0
0
0.6196078658
0.9960784316
0.6470588446
0
0
0
0
0
0
0
0
0
0
0
0
0
0
0
0
0
0
0
0
0
0
0
0
0
0.9058823586
0.9568627477
0.1960784346
0
0
0
0
0
0
0
0
0
0
0
0
0
0
0
0
0
0
0
0
0
0
0
0
0.4078431427
0.9960784316
0.9098039269
0
0
0
0
0
0
0
0
0
0
0
0
0
0
0
0
0
0
0
0
0
0
0
0
0
0.8156862855
0.9921568632
0.6156862974
0
0.05098039284
0.1176470593
0
0
0
0
0
0
0
0
0
0
0
0
0
0
0
0
0
0
0
0
0
0
0.8156862855
0.9921568632
0.6039215922
0.3568627536
0.8000000119
0.631372571
0
0
0
0
0
0
0
0
0
0
0
0
0
0
0
0
0
0
0
0
0
0
0.8156862855
0.9921568632
0.9960784316
0.9921568632
0.6039215922
0.1137254909
0
0
0
0
0
0
0
0
0
0
0
0
0
0
0
0
0
0
0
0
0
0
0.2392156869
0.7450980544
0.501960814
0.09019608051
0.02352941222
0
0
0
0
0
0
0
0
0
0
0
0
0
0
0
0
0
0
0
0
0
0
0
0
0
0
0
0
0
0
0
0
0
0
0
0
0
0
0
0
0
0
0
0
0
0
0
0
0
0
0
0
0
0
0
0
0
0
0
0
0
0
0
0
0
0
0
0
0
0
0
0
0
0
0
0
0
0
0
0
0
0
0
0
0
0
0
0
0
0
0
0
0
0
