-0.004542867653
0.001120841247
0.002128354041
-0.002372751944
0.01004855614
-0.01107662078
-0.004703616723
-0.004964622669
0.005202917848
-0.01718838327
-0.001164164976
-0.001118469052
-0.004820227157
0.000779397611
0.01172392722
-0.007755359169
0.002964569489
-0.005580212921
0.008654618636
-0.001832797308
0.003696504747
-0.001804194064
0.003997755237
0.001256238436
0.001751837204
-0.001974461367
0.002757448005
0.007331384346
-0.002520130249
-0.002476257039
-0.001605676953
0.004206558224
0.005715440959
0.005042893812
-0.0009376803064
0.006937943865
0.01446654648
-0.004398046993
-0.005968829617
0.01159835607
0.002058326267
0.0007641064585
-0.0005799382343
0.01580289192
-0.005424390081
-0.002673527459
-0.0009536681464
0.000946556218
0.004853964318
-0.009036653675
-0.0008550749626
0.0009251033771
-0.006395156495
-0.01580505446
-0.0006838252302
-0.0009472175152
-0.00727572199
-0.006950962357
-0.01677746512
0.003980253357
-0.006010256708
-0.01014118362
7.408275269e-05
-0.00173581799
-0.2979946136
0.1300997585
-0.2759899497
-0.07956309617
0.1106572971
-0.3148315251
0.3432107866
0.3187497854
0.3852501214
-0.2935595214
0.06563235074
-0.2332695425
0.07162126154
0.2216991335
0.0166285038
-0.05013721436
0.001518152654
0.00556427706
0.0006525572971
0.002849405399
0.00304880389
-0.01211135462
0.004828741308
-0.003269047942
-0.007652952801
-0.003350903047
-0.005421135109
0.0127468491
-0.002249315381
-0.005536221433
-0.01132957451
-0.01344750635
0.0266443193
-0.0198077783
0.01686685346
-0.02281086892
0.02595970221
0.009889131412
-0.03250683099
-0.03837228566
0.01610979065
-0.01983519271
0.02488455549
0.02961395681
-0.003659972223
0.01375307515
-0.01268684492
0.02176925167
-0.01920121163
0.01278368477
-0.004685248248
-0.008380963467
0.01253769919
-0.002904767869
0.008157434873
0.0002773705055
-0.002060656203
-0.001491148723
0.01303101517
0.00108022464
0.01040610857
0.002661484992
-0.01139640622
0.0030311679
0.00378734991
-0.001986235613
0.001973616658
0.003379622009
0.007012368646
0.007715251762
-0.01135987509
-0.00368367089
0.003437437583
0.006451827008
0.006155880168
-0.003061546246
0.004127315246
0.004047791939
0.001323893433
-0.0008663168992
-0.002333473647
-0.004945857916
0.0006287043798
0.0005840943777
0.003383663483
0.005615233909
-0.001116592204
0.01478573773
0.01429060847
-0.003313809633
-0.0190710742
-0.004111910705
-0.003861588426
-0.001231264439
0.004832673818
-0.003128295764
