0.001264226622880
0.008585810661316
-0.029902450740337
0.003990244120359
0.019945690408349
0.016000630334020
0.004120233934373
0.001729753450491
-0.011245105415583
0.018385624513030
0.025793641805649
-0.008256117813289
0.030120652168989
-0.010628161951900
0.004727061837912
-0.024967441335320
-0.058659225702286
0.054396040737629
0.051281098276377
-0.079997688531876
0.009179050102830
0.055263463407755
-0.036749243736267
0.078743577003479
0.081584237515926
0.025196535512805
0.000973020738456
0.028996799141169
0.030793150886893
-0.083021737635136
0.017137181013823
0.025571927428246
-0.347733855247498
-0.073534265160561
-0.289165318012238
-0.081080667674541
-0.042825378477573
-0.354788541793823
0.336366415023804
-0.002730424981564
-0.354076981544495
-0.328450471162796
-0.229296699166298
-0.037087395787239
-0.024179169908166
-0.151821449398994
0.055621501058340
0.363642364740372
0.014142397791147
-0.014954694546759
-0.026404870674014
-0.006326531991363
-0.021319255232811
0.014179065823555
0.009055849164724
-0.003831103211269
0.045032139867544
0.021955145522952
0.028759492561221
0.013969468884170
-0.012764723971486
-0.017589358612895
0.038543108850718
-0.061195086687803
0.008827620185912
0.001343174837530
0.001726467511617
0.012484115548432
0.020984463393688
0.010105928406119
0.003307997249067
0.001852651592344
-0.006570849101990
0.012224851176143
-0.013279390521348
0.012296682223678
-0.004819541703910
-0.016018794849515
0.001905179582536
-0.002896851627156
0.000276198697975
0.003986609634012
0.011339216493070
-0.011836032383144
-0.035644326359034
-0.015647957101464
0.013366620987654
-0.000761704111937
0.011387785896659
0.017669720575213
-0.011097252368927
0.001258316566236
-0.015845712274313
0.005719149019569
-0.023656759411097
-0.032071370631456
0.012224015779793
-0.001358310924843
-0.006470629479736
-0.002550385426730
0.010173395276070
-0.010264864191413
-0.014053876511753
-0.012213509529829
0.006620318163186
0.002666718093678
0.005163765046746
-0.008317289873958
0.002612941432744
-0.000557233695872
0.003164395457134
0.007658809889108
0.017972311004996
0.026621198281646
-0.025658844038844
0.004258926957846
0.003769761417061
-0.014508723281324
0.016008431091905
-0.010629010386765
-0.021103402599692
0.005136591382325
0.030992170795798
-0.037503503262997
-0.005775986704975
0.042544543743134
0.034812696278095
0.020810442045331
0.005792849231511
0.012054434046149
0.022673733532429
-0.007275701034814
-0.020905295386910
0.018045470118523
0.013454437255859
-0.014359635300934
-0.019439669325948
0.035684440284967
-0.016247797757387
-0.001168508664705
0.010805307887495
-0.004115227144212
0.002213727449998
0.018341381102800
0.003236699849367
-0.013044708408415
0.001884795958176
-0.008403468877077
-0.003259035060182
0.012098099105060
0.006876471918076
0.012909765355289
0.013978644274175
-0.007288572378457
-0.004578913096339
-0.009676275774837
-0.013442382216454
-0.006439996883273
0.001529962057248
0.011831152252853
