-0.002624511719
0.004745483398
-0.03277587891
0.0001220703125
0.01625061035
0.01208496094
0.0001220703125
-0.002105712891
-0.0146484375
0.01409912109
0.02188110352
-0.01177978516
0.02574157715
-0.0143737793
0.0009002685547
-0.02793884277
-0.06045532227
0.04539489746
0.04193115234
-0.08062744141
0.003280639648
0.04586791992
-0.041015625
0.06820678711
0.07090759277
0.01853942871
-0.005310058594
0.02093505859
0.02380371094
-0.08358764648
0.01092529297
0.01818847656
-0.3503265381
-0.07849121094
-0.291595459
-0.08331298828
-0.04652404785
-0.3567657471
0.332901001
-0.005859375
-0.3559417725
-0.3301849365
-0.231338501
-0.04196166992
-0.02648925781
-0.1540679932
0.05279541016
0.3592987061
0.0103302002
-0.02021789551
-0.03210449219
-0.0107421875
-0.0269317627
0.01043701172
0.005142211914
-0.009185791016
0.04183959961
0.01809692383
0.02522277832
0.0100402832
-0.01835632324
-0.02308654785
0.03509521484
-0.06736755371
0.005661010742
-0.001846313477
-0.001129150391
0.009338378906
0.01708984375
0.006881713867
0.0004425048828
-0.0009613037109
-0.008987426758
0.008911132812
-0.01579284668
0.008850097656
-0.007125854492
-0.01789855957
-0.001129150391
-0.005630493164
-0.003234863281
0.0009002685547
0.008193969727
-0.01733398438
-0.0424041748
-0.02154541016
0.01092529297
-0.005355834961
0.0078125
0.01545715332
-0.01663208008
-0.002212524414
-0.02156066895
0.001800537109
-0.03021240234
-0.03968811035
0.01029968262
-0.004272460938
-0.009643554688
-0.005432128906
0.008270263672
-0.01354980469
-0.01776123047
-0.01573181152
0.00422668457
7.629394531e-05
0.002868652344
-0.01165771484
1.525878906e-05
-0.003189086914
0.0007934570312
0.005569458008
0.01342773438
0.02185058594
-0.02917480469
-9.155273438e-05
-0.00048828125
-0.01820373535
0.01153564453
-0.01460266113
-0.02491760254
0.001068115234
0.02612304688
-0.04072570801
-0.009704589844
0.03749084473
0.02980041504
0.01609802246
0.002304077148
0.007995605469
0.01811218262
-0.01113891602
-0.02366638184
0.01365661621
0.01011657715
-0.01763916016
-0.02230834961
0.03060913086
-0.01997375488
-0.004760742188
0.006652832031
-0.007217407227
-0.00163269043
0.01405334473
0.0004577636719
-0.01664733887
-0.0007934570312
-0.01182556152
-0.006210327148
0.009887695312
0.004440307617
0.01075744629
0.01193237305
-0.01071166992
-0.007659912109
-0.01312255859
-0.01715087891
-0.009796142578
-0.001220703125
0.009658813477
