-0.005073820706457
0.001316908630542
-0.002699197037145
-0.000303060776787
-0.001439671847038
-0.000182177784154
-0.006670011207461
0.006410924717784
-0.016169659793377
-0.011455530300736
-0.012113061733544
0.004570886492729
-0.001796472119167
-0.014135645702481
-0.002096262061968
-0.000851146061905
-0.294636040925980
0.325022459030151
0.122141033411026
-0.343627959489822
-0.011637918651104
0.261445850133896
-0.056886538863182
0.339002430438995
0.347987562417984
0.157694786787033
-0.094120748341084
0.127215638756752
0.240136340260506
-0.357379347085953
0.031404312700033
0.095154754817486
-0.005890195257962
-0.013410325162113
0.018475977703929
0.017439967021346
0.011961849406362
0.000931612798013
-0.001728279516101
-0.000195442844415
-0.009959549643099
0.000397933414206
-0.015717910602689
0.014518945477903
-0.006751873996109
-0.008646633476019
0.009167477488518
-0.002055957447737
0.001973719103262
0.000147729821038
-0.008819502778351
-0.009233400225639
0.001896902336739
0.013781041838229
0.002777126617730
0.012440149672329
-0.012755406089127
-0.009511834941804
0.026817774400115
0.018894070759416
-0.018378911539912
-0.006072054617107
0.006391274742782
-0.043103370815516
0.006377961952239
0.013628248125315
0.000518899061717
-0.016538677737117
0.019390229135752
0.013147979043424
0.012011618353426
-0.002337735379115
-0.021600671112537
0.031735900789499
0.012875979766250
-0.005754545796663
-0.000539920467418
0.008402955718338
0.010785444639623
0.004893552977592
0.011479808017612
0.006030663847923
0.016898717731237
-0.011717625893652
0.011570372618735
-0.032157599925995
0.006840217392892
-0.010392561554909
-0.000676217430737
0.013006824068725
-0.013522905297577
0.001804088009521
-0.028495043516159
0.010347034782171
-0.022524595260620
-0.063597619533539
0.013244215399027
-0.003680728143081
-0.005635018460453
0.006246391218156
-0.006859837099910
0.014533260837197
-0.000653495779261
0.002057068049908
-0.007213481236249
-0.005773740354925
-0.007614561356604
0.002798627363518
0.000491752638482
0.001608327496797
0.003526999382302
-0.000092942682386
0.011394036002457
0.008651275187731
0.003806462511420
-0.002147445455194
-0.001055123400874
-0.008639449253678
0.001946275704540
0.005945431068540
-0.003112955018878
-0.002700073877349
0.006479256320745
-0.014550819061697
0.002842541551217
0.010369698517025
0.006078385282308
-0.002431259024888
-0.009853152558208
-0.004994096700102
0.036659087985754
0.002145992591977
0.012947301380336
0.036527376621962
-0.001110246055759
-0.001899980823509
0.012812728062272
-0.013202122412622
-0.012772552669048
-0.001940450747497
-0.023212311789393
0.013503300957382
0.017485443502665
-0.026618489995599
0.018323816359043
-0.023893453180790
0.002581647830084
0.011974652297795
-0.012416510842741
0.012413591146469
-0.007658291608095
-0.000784203410149
0.006607557646930
0.001679323730059
-0.017810717225075
-0.008617792278528
0.002927969209850
-0.006645896472037
0.018325839191675
0.010693822987378
