-0.009399414062
-0.001663208008
-0.006103515625
-0.003677368164
-0.004455566406
-0.00341796875
-0.01133728027
0.004608154297
-0.02249145508
-0.01719665527
-0.01728820801
0.002624511719
-0.005554199219
-0.02044677734
-0.005706787109
-0.003707885742
-0.2990112305
0.3226470947
0.1181488037
-0.3480834961
-0.01551818848
0.2584381104
-0.06079101562
0.3361816406
0.3451843262
0.1546173096
-0.09844970703
0.1236572266
0.2377624512
-0.3619232178
0.02772521973
0.09161376953
-0.01078796387
-0.01774597168
0.01484680176
0.01481628418
0.008941650391
-0.003662109375
-0.003311157227
-0.003173828125
-0.01496887207
-0.003936767578
-0.02046203613
0.01161193848
-0.01019287109
-0.0126953125
0.006652832031
-0.003768920898
-0.001708984375
-0.003448486328
-0.0126953125
-0.01374816895
-0.001541137695
0.01025390625
-0.00114440918
0.009140014648
-0.0171661377
-0.01393127441
0.02381896973
0.01565551758
-0.02279663086
-0.009902954102
0.002639770508
-0.04818725586
0.002410888672
0.008972167969
-0.003051757812
-0.01820373535
0.01440429688
0.008605957031
0.008270263672
-0.004913330078
-0.02264404297
0.02577209473
0.008331298828
-0.00895690918
-0.003433227539
0.005142211914
0.006744384766
0.001129150391
0.008178710938
0.002899169922
0.01368713379
-0.01791381836
0.008071899414
-0.03982543945
0.003234863281
-0.0164642334
-0.006072998047
0.01020812988
-0.01986694336
-0.002014160156
-0.03607177734
0.006240844727
-0.02960205078
-0.07417297363
0.01123046875
-0.006256103516
-0.008346557617
0.004058837891
-0.009490966797
0.01266479492
-0.003158569336
-0.0003509521484
-0.009979248047
-0.008438110352
-0.0103302002
0.0004272460938
-0.001983642578
-0.0007476806641
0.001266479492
-0.002487182617
0.008361816406
0.005584716797
0.001449584961
-0.00456237793
-0.003646850586
-0.01043701172
-0.0008087158203
0.003204345703
-0.005294799805
-0.004623413086
0.003723144531
-0.01594543457
0.0006103515625
0.00732421875
0.003356933594
-0.004943847656
-0.01362609863
-0.008804321289
0.03233337402
-0.002288818359
0.009140014648
0.03230285645
-0.004440307617
-0.005752563477
0.009002685547
-0.01760864258
-0.01724243164
-0.005752563477
-0.02745056152
0.009780883789
0.01344299316
-0.03050231934
0.0154876709
-0.02758789062
-0.0007934570312
0.009124755859
-0.01602172852
0.009201049805
-0.01110839844
-0.004257202148
0.003372192383
-0.001358032227
-0.02142333984
-0.01170349121
-0.0001068115234
-0.01007080078
0.01547241211
0.007431030273
