0.002216110005975
0.010169452056289
-0.021424282342196
0.006665502209216
0.001621390692890
-0.004403551574796
0.007910804823041
0.027862749993801
-0.010558366775513
0.016454840078950
-0.012968869879842
0.007792496588081
0.025416323915124
0.010521295480430
0.017481794580817
-0.011066636070609
-0.003812420414761
-0.002735861344263
0.010004590265453
-0.006807910744101
0.004340879619122
0.004907335154712
-0.003144079586491
0.008434126153588
0.009165279567242
0.004837956279516
0.008784062229097
0.003334924113005
-0.006920320447534
-0.007519117090851
0.001712213503197
0.009032748639584
-0.002457682974637
-0.003625196404755
0.003294151276350
-0.001017602393404
0.002783935749903
-0.001891963300295
0.004677010700107
0.010428848676383
0.001948188990355
0.000506477721501
-0.006131278350949
0.001655879197642
-0.008814009837806
-0.008805543184280
-0.000591228483245
0.000560164568014
-0.001819454482757
-0.002553537720814
-0.002664444269612
0.003215179312974
0.004302303306758
-0.001760835060850
0.003753916360438
0.004684631247073
-0.001212420989759
-0.000603858730756
-0.001646946766414
0.002793513936922
0.000429979118053
0.003967417869717
0.003775360994041
-0.004600006155670
0.049429710954428
0.053965974599123
0.034211140125990
0.003947399090976
0.071207262575626
0.040748208761215
-0.017619952559471
-0.027359584346414
-0.012730644084513
0.044942628592253
0.015278815291822
0.057858332991600
-0.004645271692425
-0.046840049326420
0.002412350382656
0.013882629573345
-0.000113437199616
0.008257694542408
-0.000095850300568
-0.006385578773916
0.005377547815442
0.005227331537753
-0.004979284945875
-0.006077161058784
0.007466109003872
-0.005564412567765
-0.003020450240001
0.006541096139699
0.001668675453402
0.007048942148685
-0.000386807660107
0.000780827132985
0.004415274597704
0.014192006550729
0.002778491238132
0.019499082118273
-0.013085115700960
-0.002866857452318
-0.002273432444781
0.005722757894546
-0.001145995687693
0.023566532880068
-0.012741558253765
0.014150303788483
0.007636222057045
-0.004365660250187
-0.008719299919903
0.005233834497631
0.001664542942308
0.027764905244112
-0.014581442810595
-0.001070720609277
0.019944187253714
-0.013673882000148
0.038576837629080
-0.009053472429514
-0.001653993385844
-0.007771684788167
0.009241465479136
-0.014765523374081
0.015927102416754
0.030215889215469
0.011706097982824
0.014750698581338
0.001575905247591
0.009428344666958
-0.004376065917313
-0.010851171799004
-0.008085453882813
0.001651689526625
-0.010511561296880
-0.007755657192320
-0.001539401942864
0.010153451934457
0.010056431405246
-0.010523491539061
0.005547328852117
-0.007194331381470
-0.011375014670193
0.009736233390868
0.217710033059120
-0.026686543598771
-0.255512684583664
0.308492183685303
0.001241541816853
-0.286958038806915
-0.280557572841644
-0.267157196998596
-0.263354480266571
0.288243353366852
-0.184077590703964
0.300785392522812
0.307387411594391
-0.002012262586504
0.002834130777046
-0.312591403722763
