-0.001510620117
0.00602722168
-0.02279663086
0.002670288086
-0.00114440918
-0.007278442383
0.003753662109
0.02264404297
-0.01295471191
0.01174926758
-0.01486206055
0.004196166992
0.02006530762
0.006149291992
0.0129699707
-0.01303100586
-0.005508422852
-0.004791259766
0.007034301758
-0.00830078125
0.001922607422
0.002288818359
-0.00505065918
0.00553894043
0.006240844727
0.002349853516
0.005996704102
0.0008697509766
-0.008575439453
-0.008926391602
-0.0005340576172
0.006195068359
-0.00569152832
-0.006713867188
0.001068115234
-0.003570556641
0.0007019042969
-0.005065917969
0.003707885742
0.009719848633
-0.0005950927734
-0.002151489258
-0.009613037109
-0.0006103515625
-0.01237487793
-0.01258850098
-0.002883911133
-0.001037597656
-0.003448486328
-0.004196166992
-0.004333496094
0.001647949219
0.002746582031
-0.003356933594
0.002227783203
0.003112792969
-0.002838134766
-0.002227783203
-0.003280639648
0.001235961914
-0.001205444336
0.002395629883
0.002243041992
-0.006301879883
0.03985595703
0.0439453125
0.02575683594
-0.0007171630859
0.06044006348
0.0318145752
-0.01986694336
-0.02891540527
-0.01525878906
0.03561401367
0.008407592773
0.04748535156
-0.008178710938
-0.04711914062
-0.002883911133
0.00715637207
-0.002075195312
0.006439208984
-0.002166748047
-0.008666992188
0.003463745117
0.003051757812
-0.006973266602
-0.008331298828
0.005325317383
-0.007522583008
-0.005249023438
0.004699707031
-0.0005493164062
0.004852294922
-0.002593994141
-0.001541137695
0.00129699707
0.0104675293
-0.0002746582031
0.01559448242
-0.01498413086
-0.005401611328
-0.005081176758
0.002410888672
-0.004028320312
0.01940917969
-0.01470947266
0.01058959961
0.004348754883
-0.006774902344
-0.01092529297
0.002334594727
-0.002853393555
0.02076721191
-0.01614379883
-0.0048828125
0.01383972168
-0.01502990723
0.03076171875
-0.0122833252
-0.00471496582
-0.009414672852
0.004333496094
-0.01565551758
0.01170349121
0.0230255127
0.006637573242
0.009170532227
-0.0009460449219
0.00732421875
-0.007781982422
-0.01483154297
-0.01150512695
-0.001220703125
-0.01397705078
-0.01132202148
-0.004333496094
0.007919311523
0.007797241211
-0.01432800293
0.003036499023
-0.01037597656
-0.01522827148
0.007614135742
0.2138977051
-0.02966308594
-0.2583618164
0.304901123
-0.002029418945
-0.2899475098
-0.2830657959
-0.2701568604
-0.2663116455
0.2848815918
-0.1863098145
0.2975921631
0.3038787842
-0.005126953125
-0.0002899169922
-0.3154602051
