0.001449584961
-0.005737304688
-0.009918212891
-0.006439208984
-0.008575439453
-0.00537109375
-0.005081176758
-0.01499938965
-0.008987426758
-0.007583618164
0.004470825195
-6.103515625e-05
0.003311157227
0.001998901367
-0.001724243164
0.0003814697266
-0.003616333008
0.003509521484
-0.00358581543
-0.002655029297
-0.003173828125
0.0002899169922
-0.002975463867
-0.0005950927734
-0.001220703125
-0.003707885742
-0.004058837891
-0.002838134766
0.002502441406
-0.002838134766
-0.003646850586
-0.007034301758
3.051757812e-05
-0.009506225586
0.003616333008
-0.00048828125
-0.006820678711
-0.002334594727
0.002899169922
0.001739501953
-0.00537109375
0.00146484375
-0.01148986816
-0.004501342773
-0.005706787109
-0.004531860352
-0.00764465332
-0.007888793945
-0.005310058594
-0.01397705078
-0.01913452148
0.01475524902
-0.01626586914
0.0132598877
-0.005935668945
-0.00798034668
-0.0008544921875
0.01301574707
0.006118774414
0.008361816406
-0.006927490234
-0.01168823242
0.005477905273
-0.00862121582
-0.002380371094
-0.005752563477
-0.001953125
0.001403808594
-0.0001678466797
-0.003082275391
-0.004364013672
-0.004928588867
-0.001220703125
-0.004577636719
-0.003372192383
-0.00227355957
-0.00798034668
0.001998901367
0.002380371094
0.003814697266
-0.004531860352
0.006744384766
0.006149291992
-0.01104736328
-0.003890991211
-0.002990722656
-0.002029418945
-0.005493164062
-0.0003967285156
0.0009307861328
-0.01560974121
0.01272583008
-0.01295471191
-0.003616333008
-0.004180908203
-0.01368713379
-0.01248168945
-0.01014709473
-0.0007476806641
-0.01138305664
-0.001571655273
0.006378173828
-0.003280639648
-0.003143310547
7.629394531e-05
-0.002899169922
-0.007308959961
0.01460266113
-0.01103210449
-0.005157470703
-0.002182006836
0.001647949219
-0.2811737061
-0.2470550537
0.1934509277
-0.1488189697
-0.2943878174
0.3145294189
-0.2696685791
-0.2718811035
0.0403137207
0.2132873535
-0.1306610107
0.2715454102
0.2433166504
-0.3059539795
-0.1920166016
-0.1992645264
-0.002853393555
-0.004013061523
0.0001525878906
-0.006774902344
-0.003326416016
-0.0003662109375
-0.002304077148
0.001815795898
-0.004806518555
0.0001068115234
-0.00048828125
0.004058837891
-0.001083374023
-0.002319335938
-0.002059936523
0.0009155273438
-0.009735107422
-0.005783081055
-0.002975463867
-0.004455566406
-0.003631591797
-0.002349853516
-0.002227783203
0.002914428711
-0.0005645751953
-0.0006256103516
0.001190185547
-0.002410888672
-0.002456665039
0.0009155273438
-0.001022338867
-0.003463745117
-0.001861572266
-0.007720947266
0.001602172852
4.577636719e-05
0.006195068359
0.003128051758
-0.004287719727
0.004287719727
-0.01487731934
-0.006271362305
0.008880615234
-0.001876831055
-0.003356933594
-0.01168823242
-0.006729125977
0.007171630859
0.00212097168
0.0006408691406
-0.0284576416
0.01292419434
-0.02484130859
-0.01397705078
0.01211547852
-0.02040100098
-0.01892089844
0.03018188477
-0.009948730469
-0.01792907715
0.02281188965
0.01121520996
-0.02125549316
0.005645751953
-0.3449554443
0.01188659668
-0.3027648926
-0.0876159668
-0.07278442383
-0.3105773926
0.3754730225
0.07090759277
-0.4069824219
-0.2861175537
-0.2219238281
0.003234863281
-0.03018188477
-0.162399292
0.107635498
0.3274688721
0.01080322266
-0.01467895508
-0.03831481934
0.01167297363
-0.01985168457
0.01197814941
0.02770996094
-0.01794433594
0.02772521973
0.00456237793
0.01499938965
-0.001815795898
-0.02690124512
-0.02920532227
0.00341796875
-0.01570129395
0.001510620117
-0.009246826172
0.002258300781
0.003402709961
-0.00260925293
-0.0008239746094
-0.003463745117
-0.0008087158203
0.0009460449219
0.0001373291016
-0.01963806152
0.0003204345703
0.009872436523
-0.007690429688
4.577636719e-05
-0.01705932617
-0.008911132812
-0.01377868652
0.01792907715
0.004516601562
-0.02749633789
-0.007659912109
0.003005981445
0.003601074219
0.007751464844
-0.01298522949
0.0005798339844
-0.02110290527
-0.004241943359
0.003631591797
0.0005798339844
-0.01301574707
-0.002502441406
-0.01403808594
-0.004913330078
-0.02253723145
0.004379272461
0.005844116211
-0.01924133301
-0.008117675781
-6.103515625e-05
0.01806640625
0.001190185547
-0.01722717285
-0.01116943359
0.01165771484
-0.005950927734
0.01278686523
0.01527404785
0.0111541748
-0.00895690918
0.01057434082
0.01084899902
-0.01715087891
0.01020812988
-0.0078125
-0.0001068115234
0.0006866455078
-0.0003051757812
-0.01762390137
-0.01719665527
0.01832580566
0.004699707031
0.0001831054688
-0.004058837891
0.002182006836
0.002670288086
-0.0006561279297
-0.004043579102
0.0009155273438
0.0004730224609
-0.0003967285156
-0.002166748047
0.001113891602
-0.003875732422
-0.001571655273
0.0008850097656
0.00537109375
-0.001342773438
-0.002044677734
0.005447387695
-0.00341796875
-0.005615234375
-0.006652832031
-0.01029968262
0.006195068359
-0.0007934570312
0.001876831055
0.01306152344
-0.01300048828
-0.01895141602
-0.01069641113
-0.01774597168
-0.02278137207
0.006698608398
0.003829956055
-0.008193969727
0.004272460938
-0.02925109863
-0.005340576172
-0.02070617676
0.007873535156
-0.003372192383
0.0048828125
-0.02177429199
-0.009857177734
-0.005752563477
0.01414489746
0.0132598877
-0.01399230957
0.01197814941
-0.01336669922
-0.3372192383
0.3268737793
0.1175079346
-0.3468780518
-0.009963989258
0.2707519531
-0.05926513672
0.3257751465
0.3521118164
0.0386505127
0.1278381348
0.03988647461
0.1716308594
-0.3584136963
-0.1024780273
-0.0584564209
-0.009902954102
-0.02618408203
-0.02536010742
0.002105712891
-0.01138305664
-0.01580810547
0.004608154297
-0.01782226562
0.005584716797
-0.01135253906
0.004348754883
-0.02258300781
0.003768920898
0.01617431641
-0.0147857666
0.008163452148
0.0003509521484
-0.001693725586
0.01602172852
-0.03326416016
0.004379272461
0.008102416992
-0.01324462891
-0.007583618164
-0.01596069336
-0.03021240234
0.001190185547
0.008758544922
-0.005310058594
-0.01684570312
-0.007598876953
-0.0186920166
-0.0002899169922
0.00212097168
0.002349853516
-0.00715637207
-0.01947021484
-0.0008087158203
-0.008392333984
-0.01025390625
0.002044677734
-0.004959106445
-0.009719848633
-0.004486083984
0.01205444336
-0.009704589844
-0.007705688477
0.005416870117
-0.002105712891
0.0007934570312
7.629394531e-05
-0.01449584961
-0.0006866455078
-0.007858276367
-0.001937866211
-0.008117675781
-0.004241943359
0.0122833252
-0.01048278809
-0.002090454102
-0.01313781738
-0.01609802246
-0.007263183594
-0.02420043945
0.006698608398
0.002868652344
0.0100402832
-0.005172729492
-0.001937866211
-0.01718139648
-0.003524780273
-0.003173828125
0.002151489258
0.01467895508
0.003265380859
-0.006042480469
-0.01292419434
-0.003128051758
-0.004272460938
0.002182006836
-0.004089355469
-0.008392333984
-0.0005035400391
0.01052856445
-0.01522827148
0.02101135254
-0.01145935059
-0.01383972168
-0.01010131836
0.004196166992
-0.002380371094
-0.008804321289
-0.005294799805
-0.001571655273
0.005035400391
-0.01170349121
-0.01036071777
0.0009918212891
0.0004577636719
-0.0001983642578
-0.005752563477
-0.004730224609
0.004287719727
0.004653930664
-0.008377075195
-0.009811401367
-0.001861572266
0.00798034668
0.006256103516
-0.01075744629
0.008743286133
0.0003204345703
-0.0146484375
-0.02568054199
-0.008743286133
0.004608154297
-0.02346801758
-0.01644897461
-0.008087158203
-0.01405334473
-0.007400512695
0.002578735352
-0.029296875
0.008255004883
0.003540039062
-0.0302734375
0.02117919922
-0.01509094238
-0.2409820557
-0.258392334
0.1989898682
-0.2456512451
0.3119506836
-0.2218322754
-0.2139129639
0.1010742188
0.1839752197
-0.2936096191
0.2961273193
0.1481933594
-0.269241333
-0.28125
-0.0008087158203
0.2550354004
-0.001892089844
-0.0002288818359
-0.009643554688
-0.0009307861328
-0.003784179688
-0.004119873047
-0.01123046875
-0.003005981445
-0.003479003906
-0.002151489258
-0.004730224609
-0.006271362305
0.0003814697266
-0.001068115234
-0.005386352539
-0.0005035400391
-0.01086425781
-0.02540588379
-0.01170349121
0.00471496582
-0.002944946289
-0.01081848145
0.0002746582031
0.004928588867
-0.01025390625
-0.002426147461
-0.02322387695
0.01109313965
-0.0004577636719
-0.007308959961
-0.005905151367
-0.003219604492
-0.003662109375
-0.002777099609
-0.005172729492
-0.01593017578
-0.009628295898
-0.002334594727
0.009521484375
0.006256103516
-0.005493164062
-0.01278686523
-0.001480102539
-0.01089477539
-0.0145111084
0.008666992188
0.0005035400391
0.001846313477
0.009765625
0.01466369629
0.01142883301
-0.009902954102
0.0129699707
0.008865356445
-0.01359558105
-0.01625061035
-0.02777099609
0.01516723633
0.003356933594
0.007995605469
0.005157470703
-0.01202392578
0.005920410156
0.01733398438
0.0006866455078
0.006896972656
0.01852416992
-0.03137207031
0.001327514648
-0.01225280762
-0.005065917969
-0.01791381836
-0.006195068359
0.01947021484
-0.004287719727
-0.01545715332
-0.03536987305
0.0008239746094
-0.02279663086
-0.01943969727
0.003601074219
0.01368713379
0.003021240234
0.02392578125
-0.003387451172
-0.003204345703
-0.006393432617
-0.01307678223
-0.006973266602
-0.02067565918
-0.009552001953
-0.01263427734
-0.0184173584
-0.006973266602
0.003158569336
-0.005111694336
0.007446289062
-0.004501342773
0.01152038574
0.003479003906
-0.00700378418
0.005508422852
-0.009170532227
-0.009811401367
0.0004272460938
0.004608154297
0.0009918212891
-0.004196166992
-0.0001220703125
-0.0004425048828
0.0003967285156
-0.003692626953
-0.01156616211
0.01260375977
-0.008880615234
-0.006698608398
-0.02513122559
0.008224487305
0.001968383789
-0.001724243164
-0.0193939209
-0.01159667969
-0.006484985352
-0.003524780273
-0.006057739258
-0.02365112305
-0.01194763184
0.01379394531
0.01016235352
-0.01594543457
0.003967285156
0.002044677734
0.004089355469
-0.00813293457
-0.008026123047
-0.01510620117
-0.01582336426
0.00520324707
-0.03749084473
-0.003631591797
0.00553894043
-0.007049560547
0.003143310547
0.002731323242
-0.0196685791
-0.01937866211
-0.001434326172
-0.03311157227
0.005294799805
-0.03042602539
-0.03282165527
0.04818725586
0.01406860352
-0.01876831055
-0.00553894043
0.02033996582
-0.01454162598
-0.01232910156
0.0186920166
0.01567077637
0.00927734375
-0.02108764648
-0.004028320312
0.01486206055
0.01330566406
-0.01383972168
-0.006439208984
-0.02174377441
-0.02026367188
0.00505065918
0.004592895508
0.0004730224609
-0.01194763184
0.01597595215
0.0009613037109
-0.007095336914
-0.007095336914
-0.005126953125
-0.003143310547
-0.004837036133
-1.525878906e-05
-0.003936767578
0.001007080078
-4.577636719e-05
-0.00390625
-0.002090454102
-0.01293945312
-0.0009613037109
-0.003616333008
-0.01203918457
-0.006317138672
0.001434326172
-0.00617980957
-0.003860473633
0.009979248047
0.002685546875
0.001251220703
-0.00407409668
-0.00732421875
0.008422851562
-0.01277160645
-0.004760742188
-0.00537109375
-0.004837036133
-0.004852294922
-0.001739501953
-0.003402709961
0.004455566406
-0.272277832
-0.2103271484
-0.252456665
0.05548095703
-0.08877563477
-0.3073120117
0.2548522949
0.2313537598
0.3417053223
-0.3241119385
-0.1947784424
-0.302734375
0.1464996338
0.2807769775
-0.08981323242
-0.1628570557
-0.002685546875
-0.009063720703
-0.001617431641
0.0002746582031
-0.002471923828
-0.006240844727
-0.01422119141
-0.00456237793
0.006973266602
-0.01037597656
0.009735107422
-0.007141113281
-0.005722045898
0.01097106934
-0.001022338867
0.001083374023
0.002212524414
-0.009536743164
-0.01037597656
-0.009475708008
-0.0005340576172
0.01031494141
-0.01048278809
-0.00666809082
-0.005706787109
0.005249023438
0.001647949219
0.000244140625
-0.01037597656
0.009140014648
0.005722045898
0.007598876953
-0.002746582031
0.00700378418
-0.002670288086
0.003723144531
0.01071166992
0.003952026367
0.01042175293
-0.00163269043
-0.001724243164
-0.009338378906
-0.00178527832
-0.01446533203
-0.007995605469
0.009246826172
-0.005950927734
0.0009155273438
-0.009353637695
-0.002502441406
-0.009414672852
0.003707885742
-0.004699707031
-0.0008239746094
-0.02290344238
0.005096435547
-0.009246826172
0.005508422852
9.155273438e-05
0.004104614258
0.0006866455078
-0.01126098633
0.00830078125
0.001846313477
-0.0113067627
-0.008804321289
-0.003341674805
-0.0001983642578
0.007431030273
-0.007675170898
-0.0003509521484
-0.002426147461
-0.0008392333984
-0.005233764648
-0.008605957031
-0.0004272460938
-0.001358032227
-0.005783081055
-0.001693725586
-0.01077270508
-0.004638671875
0.0006256103516
-0.02067565918
-0.004348754883
-0.01229858398
-0.0009460449219
0.001190185547
-0.0007629394531
-0.01872253418
-0.000244140625
-0.004531860352
0.01126098633
0.003067016602
-0.01069641113
0.01196289062
-0.00341796875
-0.3266601562
0.3402252197
0.1017913818
-0.3429870605
-0.05973815918
0.2610778809
-0.06623840332
0.3223114014
0.3565979004
0.03186035156
0.09410095215
0.03945922852
0.220993042
-0.3605194092
-0.1558685303
-0.04234313965
-0.02058410645
-0.04302978516
-0.03997802734
0.0006866455078
-0.01567077637
-0.02229309082
0.01774597168
-0.01850891113
0.002670288086
-0.0110168457
0.01043701172
-0.03607177734
0.009521484375
0.00910949707
-0.006683349609
0.01132202148
-0.01037597656
-0.007019042969
0.01345825195
-0.02764892578
0.008209228516
0.001754760742
-0.02024841309
0.00212097168
-0.02336120605
-0.02670288086
-0.003479003906
0.003753662109
-0.007354736328
-0.01863098145
-0.01708984375
-0.01803588867
0.0007934570312
0.0129699707
0.00276184082
-0.0009918212891
-0.01091003418
-0.001449584961
-0.005889892578
-0.0113067627
0.005874633789
-0.007705688477
-0.004608154297
0.001358032227
0.003799438477
-0.01171875
-0.004913330078
-0.002990722656
-0.0004272460938
0.002456665039
-0.005264282227
-0.007278442383
0.0008544921875
-0.0124206543
0.004959106445
-0.008087158203
-0.009826660156
0.004821777344
-0.01577758789
-0.001983642578
-0.01103210449
-0.01434326172
-0.008834838867
-0.0291595459
0.0008697509766
0.001098632812
0.01528930664
-0.009674072266
-0.002075195312
-0.01452636719
-0.003616333008
-0.003784179688
0.009201049805
0.002197265625
0.01092529297
-0.005172729492
-0.004455566406
-0.004241943359
-0.01846313477
-0.004013061523
-0.01342773438
-0.005493164062
-0.006256103516
0.001098632812
-0.005249023438
0.02151489258
-0.006271362305
-0.004547119141
-0.007415771484
-0.004364013672
0.0004577636719
-0.001266479492
-0.005172729492
-0.006256103516
0.006805419922
-0.01057434082
-0.006530761719
-0.004409790039
0.003265380859
-0.002426147461
-0.0003204345703
-0.001098632812
0.006042480469
0.001510620117
-0.003829956055
-0.01831054688
-0.004135131836
0.005401611328
-0.0001068115234
-0.008148193359
0.004348754883
-0.003860473633
-0.01191711426
-0.01611328125
-0.005111694336
-0.0001373291016
-0.009750366211
-0.006164550781
-0.002288818359
-0.005935668945
0.001678466797
-0.004409790039
-0.01028442383
0.0002136230469
-0.003845214844
-0.01553344727
0.01083374023
-0.007629394531
-0.008529663086
-0.001968383789
-0.00048828125
-0.005996704102
0.008682250977
-0.01585388184
-0.0087890625
-0.008972167969
0.002960205078
-0.0231628418
-0.004272460938
-0.00439453125
-0.008895874023
-0.002456665039
0.01028442383
-0.01182556152
0.0009918212891
-0.007431030273
0.006362915039
-0.003631591797
0.001617431641
-0.003784179688
0.001922607422
-0.0008239746094
-0.0002899169922
-0.003890991211
0.000732421875
0.005096435547
-0.004425048828
-0.004241943359
-0.003524780273
0.002075195312
0.002319335938
0.001876831055
-0.003768920898
0.003845214844
0.0107421875
-0.00700378418
-0.007431030273
0.008285522461
-0.001037597656
-0.002151489258
-0.003311157227
0.01197814941
-0.007476806641
-0.005172729492
-0.003219604492
-0.001098632812
0.002502441406
-0.01452636719
-0.004196166992
-0.002792358398
-0.01116943359
-0.02320861816
-0.004577636719
-0.004592895508
-0.01277160645
-0.01248168945
-0.02445983887
0.001342773438
-0.01083374023
-0.01585388184
-0.003616333008
-0.00537109375
-0.302444458
0.1247558594
-0.2803649902
-0.08332824707
0.1054077148
-0.3191833496
0.33934021
0.3148651123
0.3813934326
-0.298034668
0.06076049805
-0.2380981445
0.06805419922
0.2182006836
0.01208496094
-0.05484008789
-0.001068115234
0.004089355469
-0.00260925293
-0.0003356933594
0.0008087158203
-0.01853942871
0.002960205078
-0.007659912109
-0.01321411133
-0.006958007812
-0.01036071777
0.01261901855
-0.006454467773
-0.01051330566
-0.01748657227
-0.02035522461
0.02178955078
-0.02458190918
0.01202392578
-0.02746582031
0.0216217041
0.005340576172
-0.03712463379
-0.04309082031
0.01118469238
-0.02459716797
0.02024841309
0.02488708496
-0.008453369141
0.009231567383
-0.0170135498
0.0173034668
-0.02314758301
0.009368896484
-0.007553100586
-0.01182556152
0.009262084961
-0.005630493164
0.004684448242
-0.003128051758
-0.00505065918
-0.003997802734
0.009857177734
-0.001281738281
0.007843017578
-0.0009613037109
-0.01502990723
-0.0003356933594
0.001403808594
-0.003952026367
-0.0004119873047
0.0008239746094
0.004379272461
0.0048828125
-0.01252746582
-0.005523681641
0.001068115234
0.003646850586
0.00341796875
-0.0048828125
0.001556396484
0.001708984375
-0.0009765625
-0.002944946289
-0.005340576172
-0.008163452148
-0.002349853516
-0.002151489258
0.0005645751953
0.002838134766
-0.004089355469
0.0124206543
0.01196289062
-0.006256103516
-0.02288818359
-0.007095336914
-0.006866455078
-0.004287719727
0.002151489258
-0.006378173828
-0.01931762695
0.00178527832
-0.01412963867
-0.0121307373
0.01316833496
-0.008529663086
-0.01472473145
-0.0004119873047
-0.02140808105
-0.02972412109
-0.01594543457
0.007995605469
-0.005599975586
-0.02897644043
-0.007339477539
-0.006942749023
-0.004318237305
0.001159667969
-0.0008239746094
-0.005126953125
-0.003524780273
-0.0007934570312
-9.155273438e-05
0.0001068115234
0.002410888672
0.002258300781
-0.003112792969
-0.002807617188
0.005722045898
-0.005905151367
-0.008865356445
0.001205444336
-0.03718566895
-0.02299499512
-0.01332092285
-0.002151489258
0.006072998047
-0.01507568359
0.0104675293
0.01890563965
-0.03262329102
0.003311157227
-0.01443481445
-0.008239746094
0.003768920898
-0.02758789062
-0.02076721191
-0.01045227051
-0.008392333984
-0.01116943359
-0.0260925293
-0.0002899169922
0.00212097168
0.0001983642578
0.01177978516
0.006118774414
-0.009765625
0.007247924805
0.01416015625
-0.01042175293
-0.00617980957
-0.00146484375
0.01365661621
-0.01679992676
-0.00276184082
0.001831054688
-9.155273438e-05
0.003204345703
0.004959106445
0.002716064453
-0.007247924805
-0.01205444336
-0.01745605469
0.004486083984
-0.001678466797
-0.003540039062
-0.03393554688
0.01000976562
0.005920410156
0.01333618164
0.02052307129
0.01628112793
-0.004913330078
-0.004806518555
0.02545166016
-0.02597045898
0.02909851074
-0.03225708008
-0.01783752441
0.03379821777
-0.0390625
-0.00846862793
-0.02705383301
0.01536560059
-0.0048828125
-0.0407409668
-0.004516601562
-0.0009155273438
-0.0272064209
-0.001708984375
0.005218505859
-0.006072998047
-0.00373840332
-0.001937866211
-0.01564025879
0.007781982422
-0.01637268066
0.006484985352
-0.02778625488
-0.004974365234
0.02960205078
-0.001907348633
0.002456665039
-0.00666809082
0.00471496582
0.002578735352
-0.004730224609
0.01153564453
-0.01278686523
-0.007598876953
0.01583862305
-0.003143310547
-0.007705688477
0.004928588867
-0.009170532227
-0.01023864746
0.01106262207
-0.003723144531
-0.01463317871
0.003479003906
-0.0192565918
0.001831054688
-0.004348754883
0.008743286133
-0.02778625488
0.004409790039
0.0005035400391
-0.02261352539
-0.009750366211
0.007949829102
0.01225280762
-0.004669189453
0.006042480469
-0.006210327148
0.2434844971
-0.1198730469
-0.2664794922
0.2891845703
-0.06669616699
-0.2638549805
-0.275604248
-0.2810516357
-0.2830657959
0.2885284424
-0.07606506348
0.2640075684
0.2901916504
0.09745788574
0.05714416504
-0.2623138428
0.008346557617
-0.01448059082
0.0087890625
0.003921508789
-0.00846862793
0.02377319336
-0.00813293457
-0.01284790039
-0.0168762207
0.002838134766
-0.0003967285156
0.0119934082
0.00163269043
0.02789306641
-0.007385253906
0.002334594727
-0.001342773438
0.001403808594
-0.002334594727
-0.003463745117
-0.001861572266
-0.001205444336
-0.01669311523
-0.0003814697266
-0.0004577636719
0.0004272460938
-0.01078796387
0.004745483398
0.005661010742
-0.004806518555
-0.002365112305
0.00390625
-0.0003356933594
-0.01110839844
-0.002090454102
-0.01600646973
-0.01815795898
-0.006072998047
-0.003158569336
-0.0068359375
-0.002716064453
0.005783081055
0.007080078125
-0.01553344727
0.01223754883
-0.01943969727
-0.002838134766
-0.009048461914
-0.01760864258
-0.01264953613
-0.008331298828
0.003753662109
-0.01284790039
0.005737304688
6.103515625e-05
-0.002395629883
-0.005096435547
-0.003768920898
-0.002807617188
-0.02160644531
-0.01329040527
-0.02432250977
-0.01062011719
-0.008377075195
0.002548217773
-0.007186889648
-0.001861572266
0.005264282227
-0.02886962891
-0.0001525878906
-0.004745483398
-0.001892089844
-0.007354736328
0.009140014648
-0.01554870605
-0.003631591797
0.01205444336
-0.00764465332
-0.004791259766
-0.02983093262
-0.1678009033
-0.0873260498
0.02073669434
0.1434020996
-0.2197418213
0.2495422363
-0.2292022705
0.06130981445
0.2818603516
-0.2293395996
0.1699371338
-0.1267700195
0.2386627197
0.248260498
0.280960083
0.4203796387
0.001495361328
-0.01438903809
-0.003860473633
-0.00341796875
0.0002746582031
0.02319335938
-0.01565551758
-0.01493835449
0.005599975586
-0.006500244141
-0.03569030762
-0.01788330078
0.001510620117
-0.007461547852
-0.03659057617
0.009262084961
-0.001068115234
-0.01779174805
-0.006652832031
-0.01219177246
-0.01190185547
-0.01307678223
-0.01295471191
0.006469726562
-0.01126098633
0.0009155273438
0.004455566406
-0.005401611328
-0.01324462891
-0.00276184082
-0.01051330566
-0.0005340576172
-0.05679321289
0.009735107422
0.01762390137
0.03971862793
-0.02365112305
0.008148193359
-0.04989624023
0.0831451416
-0.08126831055
0.06278991699
0.07858276367
0.09498596191
0.01663208008
-0.07922363281
0.0500793457
0.05467224121
-0.004318237305
0.001083374023
-0.0002136230469
-0.00910949707
0.0006103515625
0.005905151367
-0.001907348633
0.01919555664
0.01712036133
-0.01565551758
0.01303100586
-0.01461791992
-0.01826477051
-4.577636719e-05
-0.002380371094
0.006652832031
-0.008361816406
-0.001220703125
-0.01356506348
-0.02653503418
0.04354858398
-0.02139282227
-0.01818847656
-0.02458190918
-0.004989624023
-0.00537109375
4.577636719e-05
0.001846313477
-0.0008239746094
-0.006362915039
0.007202148438
-0.01499938965
-0.0121307373
0.009719848633
-0.01263427734
-0.01379394531
-0.008483886719
0.004196166992
-0.009414672852
0.009902954102
0.005264282227
0.001525878906
-0.01391601562
-0.01176452637
0.002426147461
-0.01231384277
0.01577758789
-0.008224487305
-0.004272460938
0.00129699707
0.002456665039
-0.0002746582031
0.003799438477
-0.001098632812
0.001541137695
-0.001907348633
-0.003509521484
0.0002746582031
-0.003662109375
-0.004974365234
0.003234863281
-0.002334594727
0.001510620117
-0.002090454102
0.0004119873047
-0.003067016602
0.002288818359
-0.002044677734
-0.003921508789
-0.002838134766
-0.00422668457
-9.155273438e-05
0.0001831054688
-0.002166748047
-0.002288818359
0.00146484375
-0.00227355957
-0.005828857422
-0.003509521484
-0.005462646484
0.003387451172
0.008178710938
-0.01223754883
0.01069641113
-0.003723144531
0.00244140625
0.003387451172
0.004180908203
-0.006225585938
0.006973266602
-0.008331298828
0.003860473633
0.01020812988
-0.0251159668
-0.006118774414
-0.01106262207
-0.008728027344
-0.002532958984
0.009338378906
0.004348754883
0.009231567383
-0.002685546875
-0.01321411133
-0.01322937012
-0.005355834961
0.008697509766
0.001556396484
0.005569458008
-0.004684448242
0.005798339844
-0.003509521484
0.00617980957
-0.009140014648
0.01391601562
-0.0007476806641
0.008575439453
0.00260925293
-0.03321838379
-0.004425048828
-0.01043701172
0.003677368164
0.0185546875
-0.002807617188
-0.009338378906
-0.005218505859
-0.009262084961
-0.0003356933594
-0.001571655273
0.009628295898
0.01361083984
-0.002212524414
0.002593994141
0.01177978516
-0.00634765625
0.01782226562
-0.00634765625
0.002197265625
-0.01254272461
0.0048828125
-0.00407409668
0.000732421875
0.003646850586
0.00260925293
-0.001922607422
-0.01275634766
-0.008682250977
-0.001129150391
-0.02201843262
-0.003524780273
-0.02445983887
0.02806091309
-0.002868652344
-0.009719848633
-0.03262329102
-0.03462219238
0.0001373291016
-0.02813720703
-0.01019287109
0.006637573242
-0.01028442383
0.07929992676
0.08790588379
-0.2207641602
0.2895202637
-0.109375
-0.3070678711
-0.2821044922
-0.2391204834
-0.2836456299
0.3061065674
-0.08854675293
0.2967376709
0.3352508545
-0.04739379883
0.03456115723
-0.3178405762
