0.02654042467
0.01347339805
0.02289412916
0.04373968393
0.01497641392
0.03281180933
0.02972434461
0.9482679367
0.01189265773
0.01472902391
0.02717038617
0.07194737345
0.9534709454
0.08010301739
0.03096616268
0.04819893464
0.04805228114
0.045735199
0.01026687492
0.04441168532
0.05471474677
0.9235745072
0.05830634013
0.06040464342
0.03298814595
0.04123556241
0.0311324168
0.03987666965
0.02586672083
0.06818459928
0.934676528
0.01931164786
0.04410299659
0.03366778791
0.05308464542
0.06854140759
0.04654464126
0.02311499044
0.05115283653
0.05046637356
0.09037072957
0.05057062954
0.02268010564
0.02446770482
0.9445981979
0.02859284915
0.02998183854
0.02841694094
0.03319247812
0.02435677871
0.03740328178
0.9348548055
0.08461169153
0.06237810478
0.02762142941
0.04427587986
0.03467676789
0.03318361193
0.02480302379
0.03407455981
0.03887073323
0.01507415436
0.02409539185
0.04772591963
0.932700336
0.04240874946
0.09063173831
0.03739577159
0.01771553978
0.03394095972
0.06180118397
0.01536797918
0.07410866022
0.04497701302
0.04534289613
0.09824857116
0.05601990223
0.03355078772
0.04903252423
0.928414166
0.05017585307
0.02280876599
0.04191910475
0.04715278
0.04957897961
0.8802666664
0.06627186388
0.03877454251
0.2302859724
0.04260778427
0.06799945235
0.04127964005
0.0109916674
0.01239826158
0.0381818153
0.02957395464
0.04646034166
0.03245756775
0.07438707352
0.9362136722
