-0.0005493164062
-0.005905151367
-0.01190185547
-0.00634765625
-0.008636474609
-0.0048828125
-0.005004882812
-0.01699829102
-0.01034545898
-0.008178710938
0.003921508789
-0.0002288818359
0.007034301758
0.001861572266
-0.000732421875
0
-0.002365112305
0.002502441406
-0.00341796875
-0.001358032227
-0.001800537109
-6.103515625e-05
-0.002365112305
-0.001129150391
-0.001846313477
-0.003326416016
-0.004119873047
-0.003067016602
0.001129150391
-0.001495361328
-0.002243041992
-0.006164550781
0.0005187988281
-0.008636474609
0.003189086914
0.00114440918
-0.00651550293
-0.002532958984
0.002380371094
0.002044677734
-0.004241943359
0.001342773438
-0.008209228516
-0.004150390625
-0.005294799805
-0.003265380859
-0.00715637207
-0.006576538086
-0.005355834961
-0.01385498047
-0.01791381836
0.01458740234
-0.01274108887
0.01010131836
-0.006576538086
-0.003814697266
-0.00276184082
0.01126098633
0.00373840332
0.006744384766
-0.01075744629
-0.008026123047
0.005615234375
-0.007400512695
-0.003540039062
-0.006225585938
-0.002502441406
0.002349853516
-0.001419067383
-0.004623413086
-0.003845214844
-0.005462646484
-0.0006408691406
-0.006057739258
-0.005477905273
-0.003936767578
-0.00732421875
0.004119873047
0.001663208008
0.003921508789
-0.004165649414
0.003158569336
0.006134033203
-0.005493164062
-0.004104614258
-0.0007171630859
-0.002426147461
-0.001220703125
0.002746582031
-0.002868652344
-0.01112365723
0.01135253906
-0.008499145508
0.0006866455078
-0.001724243164
-0.008666992188
-0.01376342773
-0.01336669922
0
-0.0138092041
-0.0006256103516
0.008834838867
-0.003295898438
-0.004440307617
-0.003463745117
-0.004913330078
-0.004699707031
0.01962280273
-0.01258850098
-0.002166748047
-0.001190185547
0.00341796875
-0.2811584473
-0.2458343506
0.191696167
-0.1446075439
-0.2936248779
0.3169403076
-0.2663574219
-0.2736053467
0.04048156738
0.2141876221
-0.1304016113
0.2707214355
0.2420806885
-0.3039550781
-0.1904754639
-0.2009887695
-0.002410888672
-0.004516601562
0.0009613037109
-0.005218505859
-0.002822875977
0.00178527832
-0.003463745117
0.002182006836
-0.005020141602
0.0008087158203
0.0006408691406
0.004547119141
0.0004119873047
-0.003082275391
-0.002624511719
0.001022338867
-0.0078125
-0.005096435547
-0.002578735352
-0.003005981445
-0.003875732422
-0.002517700195
-0.002822875977
0.002044677734
-0.001403808594
0.0004577636719
-0.000732421875
-0.001449584961
-0.0009613037109
0.0004425048828
-0.002334594727
-0.003204345703
