0
0
0
0
0
0
0
0
0
0
0
0
0
0
0
0
0
0
0
0
0
0
0
0
0
0
0
0
0
0
0
0
0
0
0
0
0
0
0
0
0
0
0
0
0
0
0
0
0
0
0
0
0
0
0
0
0
0
0
0
0
0
0
0
0
0
0
0
0
0
0
0
0
0
0
0
0
0
0
0
0
0
0
0
0
0
0
0
0
0
0
0
0
0
0
0
0
0
0
0
0
0
0
0
0
0
0
0
0
0
0
0
0
0
0
0
0
0
0
0
0
0
0
0
0
0
0
0
0
0.06666667014
0.1843137294
0.1843137294
0.1843137294
0.06274510175
0.5058823824
0.3333333433
0.1843137294
0
0
0
0
0
0
0
0
0
0
0
0
0
0
0
0
0
0
0.2941176593
0.6000000238
0.850980401
0.9921568632
0.9921568632
0.9921568632
0.8431372643
0.9647058845
0.9921568632
0.9921568632
0
0
0
0
0
0
0
0
0
0
0
0
0
0
0
0.1372549087
0.5568627715
0.9568627477
0.9882352948
0.9921568632
0.9921568632
0.9921568632
0.9921568632
0.9921568632
0.9921568632
0.9921568632
0.9921568632
0.9921568632
0
0
0
0
0
0
0
0
0
0
0
0
0
0
0
0.2470588237
0.9921568632
0.9921568632
0.9921568632
0.9921568632
0.9921568632
0.9921568632
0.9921568632
0.8352941275
0.6666666865
0.6666666865
0.6666666865
0.6666666865
0
0
0
0
0
0
0
0
0
0
0
0.07843137532
0.5176470876
0.2823529541
0
0.2235294133
0.9333333373
0.890196085
0.9333333373
0.6588235497
0.4862745106
0.270588249
0.07843137532
0.04313725606
0
0
0
0
0
0
0
0
0
0
0
0
0
0
0.04313725606
0.8078431487
0.9921568632
0.3058823645
0
0
0.1254902035
0
0.1176470593
0.007843137719
0
0
0
0
0
0
0
0
0
0
0
0
0
0
0
0
0
0.02352941222
0.6941176653
0.9921568632
0.5176470876
0.03921568766
0
0
0
0
0
0
0
0
0
0
0
0
0
0
0
0
0
0
0
0
0
0
0.04705882445
0.521568656
0.9921568632
0.9137254953
0.05882352963
0
0
0
0
0
0
0
0
0
0
0
0
0
0
0
0
0
0
0
0
0
0
0
0.360784322
0.9921568632
0.8745098114
0.1098039225
0
0
0
0
0
0
0
0
0
0
0
0
0
0
0
0
0
0
0
0
0
0
0
0
0.5882353187
0.9921568632
0.6823529601
0
0
0
0
0
0
0
0
0
0
0
0
0
0
0
0
0
0
0
0
0
0
0
0
0
0.9176470637
0.9921568632
0.9647058845
0.4980392158
0.1921568662
0
0
0
0
0
0
0
0
0
0
0
0
0
0
0
0
0
0
0
0
0
0
0
1
0.9921568632
0.9921568632
0.9921568632
0.9843137264
0.5764706135
0.3568627536
0.4745098054
0.3333333433
0.1647058874
0.1647058874
0.3333333433
0.1098039225
0
0
0
0
0
0
0
0
0
0
0
0
0
0
0
0.5450980663
0.9921568632
0.9921568632
0.9921568632
0.9921568632
0.9921568632
0.9921568632
0.9921568632
0.9921568632
0.9921568632
0.9921568632
0.9921568632
0.9098039269
0.6588235497
0
0
0
0
0
0
0
0
0
0
0
0
0
0
0.01176470611
0.2078431398
0.8549019694
0.870588243
0.9843137264
0.9921568632
0.9921568632
0.9921568632
0.9921568632
0.9921568632
0.9921568632
0.9921568632
0.9921568632
0.9882352948
0.4862745106
0
0
0
0
0
0
0
0
0
0
0
0
0
0
0
0
0
0.2627451122
0.2823529541
0.7843137383
0.9921568632
0.9921568632
0.9921568632
0.9921568632
0.9921568632
0.9921568632
0.9921568632
0.6862745285
0
0
0
0
0
0
0
0
0
0
0
0
0
0
0
0
0
0
0
0.470588237
0.9921568632
0.9764705896
0.5960784554
0.200000003
0.6431372762
0.9921568632
0.9921568632
0.6862745285
0
0
0
0
0
0
0
0
0
0
0
0
0
0
0
0
0
0
0
0.1960784346
0.9921568632
0.9921568632
0.9921568632
0.7372549176
0.9882352948
0.9921568632
0.9921568632
0.5803921819
0
0
0
0
0
0
0
0
0
0
0
0
0
0
0
0
0
0
0
0.03529411927
0.6549019814
0.9921568632
0.9921568632
0.9921568632
0.9921568632
0.980392158
0.6862745285
0.04313725606
0
0
0
0
0
0
0
0
0
0
0
0
0
0
0
0
0
0
0
0
0.09019608051
0.7058823705
0.9058823586
0.9921568632
0.8666666746
0.501960814
0
0
0
0
0
0
0
0
0
0
0
0
0
0
0
0
0
0
0
0
0
0
0
0
0.3647058904
0.5843137503
0.08627451211
0
0
0
0
0
0
0
0
0
0
0
0
0
0
0
0
0
0
0
0
0
0
0
0
0
0
0
0
0
0
0
0
0
0
0
0
0
0
0
0
0
0
0
0
0
0
0
0
0
0
0
0
0
0
0
0
0
0
0
0
0
0
0
0
0
0
0
0
0
0
0
0
0
0
0
0
0
0
0
0
0
0
0
0
0
0
0
0
0
0
0
0
0
0
0
0
0
0
0
0
0
0
0
0
0
0
0
0
0
0
0
0
0
0
0
0
0
0
0
0
0
0
0
