0.01312360726
-0.01138793025
0.0127688935
0.008437917568
-0.005840342492
0.02948302589
-0.004369431641
-0.009788434952
-0.01434507873
0.007386607118
0.002920131898
0.01670410112
0.005997038446
0.03424209729
-0.003931095824
0.005760574713
0.0009054277325
0.003695584368
0.0001720635046
-0.00110455614
0.0004848597455
0.00121781847
-0.0136888409
0.002052493393
0.001989890588
0.002744093072
-0.008024706505
0.006959078833
0.007741921581
-0.002460060176
3.474992627e-05
0.006122976542
0.003637506161
-0.006286193617
0.001900997129
-0.01096046623
-0.01279415283
-0.001461247681
-0.0009814247023
-0.003113809507
0.001466383459
0.008787894621
0.009591168724
-0.0104803713
0.01361686457
-0.013825587
0.0001928389393
-0.006140538491
-0.01178205013
-0.007718100213
-0.004178458825
0.00623150263
-0.007943408564
0.007723134477
0.003124700394
0.0008649599622
-0.001249552355
-8.741417696e-05
0.0006308259326
-0.0150104342
-0.008214438334
-0.01739503816
-0.005871393718
-0.004208862782
0.00557467388
-0.00274408469
0.001583595644
0.007738685235
-0.02264858223
0.003090922255
-0.001178779406
0.001334345201
-0.003596934723
0.01155185048
-0.01049662568
0.0001173599012
0.01386890281
-0.003930025268
-0.0009430136997
-0.02354789898
-0.1628590822
-0.08463258296
0.02670937404
0.1501456648
-0.2128083706
0.2555072308
-0.2229574025
0.06902822107
0.2873242199
-0.2218383849
0.1762188524
-0.12323834
0.2440278828
0.2534558475
0.286188513
0.4256376028
0.005173873622
-0.009698253125
0.0002284475049
0.0005015674396
0.00388369197
0.02520861477
-0.01083726157
-0.01017377619
0.009014721029
-0.002368522808
-0.02934604324
-0.01289227884
0.005186678842
-0.003209181596
-0.03033814393
0.01230303571
0.00225096941
-0.01118581276
-0.00318352459
-0.006982823368
-0.006510330364
-0.008646612987
-0.007254706696
0.008216489106
-0.006733809598
0.002613157267
0.00657732226
-0.002702774946
-0.008571193554
0.001067612553
-0.005555823445
0.002572187223
-0.05278385431
0.01816753484
0.0264932476
0.04995853454
-0.01822537929
0.01633456536
-0.04628866911
0.0941619128
-0.07800112665
0.0739415884
0.09059936553
0.1063702852
0.0261023771
-0.07635080069
0.06006515399
0.06482445449
-0.001250146073
0.004631576128
0.003526403336
-0.006503734272
0.004125526175
0.01014105976
0.001671490027
0.02426197939
0.02195863985
-0.01338376477
0.01724390872
-0.01246218849
-0.01624776796
0.00343204313
0.0009514079429
0.01090187579
