0.011704698204994
0.026310799643397
-0.030487433075905
-0.007701861206442
0.022147443145514
0.009641466662288
-0.005401983857155
-0.007194886915386
-0.014280094765127
0.001138809951954
-0.017069736495614
0.001551550813019
0.015762666240335
0.007115271408111
-0.003320301417261
-0.027025468647480
-0.006044706329703
0.011178716085851
0.008185666985810
-0.008571214973927
0.009314022026956
0.011454664170742
-0.018396893516183
0.008317450061440
0.010427459143102
0.001742250518873
0.004772863350809
0.014301302842796
0.008211084641516
-0.011389027349651
0.001505415071733
-0.003636594396085
0.007399464491755
0.004476869013160
0.005360462237149
0.001912772888318
-0.001165706780739
0.001097886008210
-0.005639954004437
0.000632879964542
0.000147885759361
0.001137877232395
0.001229542889632
0.004497189074755
-0.001536245224997
-0.007720861118287
-0.002582442713901
-0.004259685985744
0.002951705129817
0.004807566292584
-0.019281659275293
-0.013182514347136
-0.009419545531273
0.006113685667515
0.017926961183548
0.008518030866981
0.002517833607271
0.007338146679103
0.013980163261294
0.011736813932657
-0.003989513497800
0.007986723445356
0.000926430977415
-0.015246903523803
0.014720994047821
-0.003501438302919
0.020336572080851
-0.006007505115122
0.011012478731573
0.014940487220883
-0.008291923440993
-0.005517566110939
-0.005258172750473
0.019254740327597
0.002611703472212
0.011423340067267
0.002107372740284
0.001705639646389
-0.007546978536993
0.005893529392779
-0.160989880561829
-0.264718413352966
0.057907424867153
0.211844697594643
-0.208328783512115
0.279209792613983
-0.157056540250778
0.248867526650429
0.264568924903870
-0.238238796591759
0.266426563262939
-0.195887297391891
0.229842498898506
0.149428188800812
0.299211680889130
0.399215281009674
0.008025031536818
0.001375579275191
0.022898793220520
0.004702063277364
-0.006785214412957
-0.005159672815353
0.001999587053433
-0.003894590539858
-0.005740039516240
-0.008392508141696
0.009774274192750
0.011809121817350
-0.004461049102247
0.000511750287842
-0.005360552575439
0.002519180532545
0.005028834566474
0.008448741398752
-0.002052540658042
0.007953310385346
0.004817282315344
-0.004302760586143
0.008433706127107
-0.002150752115995
0.001871321815997
-0.003519697114825
-0.013558107428253
-0.007840308360755
-0.006249959114939
0.010097267106175
0.000698062533047
0.006257954984903
-0.015323683619499
0.012466572225094
-0.015130517072976
0.005082934629172
-0.001501486171037
0.001684415969066
0.011431235820055
-0.000748471415136
-0.000893977063242
-0.006639703642577
-0.004293667618185
-0.001596903544851
0.005008864682168
0.010371181182563
-0.022985339164734
-0.009405002929270
0.014487957581878
-0.006928253453225
0.004714614246041
0.000316592922900
0.004996540024877
0.011924424208701
0.001457116450183
0.005976251326501
0.011879984289408
-0.006311889737844
-0.016627579927444
-0.011978182941675
-0.008358639664948
-0.000030926043110
-0.006580263841897
0.014665892347693
