0.008285522461
0.02359008789
-0.03515625
-0.01181030273
0.01943969727
0.006423950195
-0.009429931641
-0.01139831543
-0.01856994629
-0.00260925293
-0.0213470459
-0.002166748047
0.01258850098
0.00358581543
-0.007354736328
-0.03163146973
-0.008148193359
0.007766723633
0.004837036133
-0.01048278809
0.006134033203
0.00798034668
-0.02011108398
0.004959106445
0.006958007812
-0.001022338867
0.001800537109
0.01069641113
0.005126953125
-0.01316833496
-0.001251220703
-0.006195068359
0.005432128906
0.002624511719
0.00341796875
0
-0.003204345703
-0.001068115234
-0.007476806641
-0.001235961914
-0.002059936523
-0.0009918212891
-0.0008239746094
0.002716064453
-0.003524780273
-0.01011657715
-0.004623413086
-0.006042480469
-7.629394531e-05
0.002182006836
-0.0216217041
-0.01652526855
-0.01203918457
0.002853393555
0.01454162598
0.005554199219
-0.0007019042969
0.003890991211
0.01055908203
0.008529663086
-0.006713867188
0.005218505859
-0.002334594727
-0.0177154541
0.01049804688
-0.006195068359
0.01571655273
-0.008010864258
0.007110595703
0.01075744629
-0.01002502441
-0.007507324219
-0.007247924805
0.01467895508
-0.0005187988281
0.007431030273
-0.0005950927734
-0.0009155273438
-0.009719848633
0.002502441406
-0.1643829346
-0.2686157227
0.05476379395
0.2092895508
-0.2125396729
0.2764282227
-0.1600799561
0.2465820312
0.2615661621
-0.2431793213
0.2639007568
-0.1993560791
0.2273712158
0.1454467773
0.2967681885
0.3964691162
0.005294799805
-0.001190185547
0.0199432373
0.002151489258
-0.009231567383
-0.007629394531
-0.0006103515625
-0.00651550293
-0.008346557617
-0.01089477539
0.007034301758
0.009094238281
-0.006988525391
-0.002075195312
-0.007797241211
-7.629394531e-05
0.002212524414
0.005599975586
-0.004257202148
0.005401611328
0.002166748047
-0.006301879883
0.005645751953
-0.00471496582
-0.0003967285156
-0.005523681641
-0.01608276367
-0.009643554688
-0.008377075195
0.007232666016
-0.001876831055
0.00358581543
-0.01977539062
0.01039123535
-0.01997375488
0.002075195312
-0.00471496582
-0.001449584961
0.009689331055
-0.004013061523
-0.003936767578
-0.01072692871
-0.008178710938
-0.004898071289
0.002090454102
0.008377075195
-0.02841186523
-0.01348876953
0.01182556152
-0.009750366211
0.001739501953
-0.002258300781
0.002105712891
0.008941650391
-0.001419067383
0.003021240234
0.008926391602
-0.008911132812
-0.01950073242
-0.01460266113
-0.01103210449
-0.002838134766
-0.009368896484
0.01177978516
