-0.002362486906350
-0.002316388068721
0.003513852832839
0.004239462316036
0.010913278907537
0.004382757935673
-0.002304181689397
-0.011505056172609
-0.014853711239994
-0.000885732762981
-0.003698100568727
-0.002927497262135
0.000634179217741
0.003655579639599
0.000970871711615
0.001766430912539
0.002940651727840
0.001951466896571
-0.008072078227997
0.009444523602724
0.002143296413124
-0.001949879806489
-0.002554672537372
-0.009871426969767
-0.010971778072417
0.003587979124859
-0.004067461472005
-0.004697007127106
0.001698077307083
0.010561402887106
0.007696582935750
-0.000511227874085
0.013561107218266
-0.008763575926423
0.038952570408583
-0.000044345426431
0.001755662378855
0.018774610012770
-0.010246611200273
0.005299327429384
0.021608233451843
0.022886866703629
-0.006584181915969
0.006863065063953
-0.012885502539575
-0.004398225806653
-0.012939292937517
-0.023618826642632
-0.266543477773666
0.229237988591194
0.335254877805710
-0.269087493419647
0.249393925070763
-0.185692414641380
-0.231048598885536
0.118618473410606
-0.199050486087799
-0.243062779307365
-0.222520440816879
-0.205810874700546
0.273279786109924
0.272167652845383
-0.194775462150574
0.245892599225044
-0.001442005741410
0.006537363398820
-0.005842930637300
-0.006738884840161
0.006553458049893
-0.000393165420974
0.007719411980361
0.000710592197720
0.000335850723786
0.002891941461712
0.004718738142401
-0.005629421211779
0.002210777951404
-0.002462379168719
-0.000026260915547
-0.000064626125095
0.006216361653060
-0.007090376690030
-0.007929599843919
-0.001340176211670
-0.011691488325596
-0.002605920890346
0.011821371503174
-0.003624537261203
0.005468394607306
-0.004019537009299
-0.001208211760968
-0.002197112888098
-0.002058076905087
-0.020247358828783
-0.003515747841448
-0.020446712151170
0.008683579973876
0.000696837669238
-0.012579872272909
0.000965236860793
-0.003169164992869
-0.000591154559515
0.003438055980951
0.005063885822892
-0.000591868592892
-0.004755639005452
0.000140680014738
0.013583637773991
-0.001756645273417
-0.000335623190040
0.013890673406422
-0.009081554599106
0.028445357456803
0.031211001798511
-0.009961081668735
0.015454203821719
0.002998246811330
-0.027908034622669
0.019565099850297
0.004740332718939
0.003822628175840
-0.009347175247967
0.016128851100802
-0.035681694746017
-0.005004615057260
0.030268045142293
0.011269996874034
-0.002957581076771
0.004068780224770
0.000172448519152
-0.009122164919972
0.009252863004804
-0.003058939473704
0.010503727942705
-0.011906124651432
-0.006864881608635
-0.010653045028448
0.006291223224252
-0.012127318419516
-0.000676271738485
0.010141615755856
-0.020389068871737
0.004733137786388
0.008005299605429
-0.006104144267738
-0.001436598133296
0.009233845397830
-0.003256130032241
0.001116360537708
0.000375775533030
0.001983927097172
-0.003970504738390
-0.008083342574537
0.004544568713754
-0.005145086441189
0.000734241562895
0.003206362714991
0.003829635446891
-0.002808520104736
0.004954087547958
