-0.005233764648
-0.005126953125
0.001419067383
0.002029418945
0.009719848633
0.002349853516
-0.005233764648
-0.0153503418
-0.01908874512
-0.003692626953
-0.006591796875
-0.005828857422
-0.001937866211
0.001358032227
-0.001525878906
-0.0005187988281
0.0008087158203
-0.0004730224609
-0.01145935059
0.007904052734
-0.0002593994141
-0.004760742188
-0.005310058594
-0.01335144043
-0.0145111084
0.001403808594
-0.006896972656
-0.007705688477
-0.0006408691406
0.009078979492
0.005828857422
-0.003128051758
0.008316040039
-0.01264953613
0.03283691406
-0.003890991211
-0.002258300781
0.01338195801
-0.01216125488
0.001724243164
0.01612854004
0.01748657227
-0.01055908203
0.00276184082
-0.01599121094
-0.00830078125
-0.01593017578
-0.02503967285
-0.2687530518
0.2258605957
0.331817627
-0.2727813721
0.245880127
-0.1891174316
-0.2341918945
0.1149749756
-0.2023620605
-0.2466125488
-0.2258148193
-0.2088775635
0.2693328857
0.2685852051
-0.1981506348
0.2425689697
-0.003540039062
0.004547119141
-0.008087158203
-0.008972167969
0.004608154297
-0.002456665039
0.00602722168
-0.001235961914
-0.001602172852
0.0009307861328
0.002746582031
-0.007888793945
0.0003814697266
-0.004501342773
-0.00212097168
-0.002166748047
0.004440307617
-0.01104736328
-0.01287841797
-0.005325317383
-0.0166015625
-0.007034301758
0.0110168457
-0.008010864258
0.002471923828
-0.007797241211
-0.005294799805
-0.005462646484
-0.006057739258
-0.02763366699
-0.007995605469
-0.02815246582
0.006286621094
-0.001815795898
-0.01547241211
-0.001495361328
-0.005661010742
-0.00309753418
0.0009765625
0.002655029297
-0.003189086914
-0.007385253906
-0.002365112305
0.01132202148
-0.004348754883
-0.002807617188
0.01177978516
-0.01173400879
0.02290344238
0.02551269531
-0.0131072998
0.01066589355
-0.001449584961
-0.03012084961
0.01428222656
0.0002899169922
-3.051757812e-05
-0.01223754883
0.01121520996
-0.03739929199
-0.008377075195
0.02449035645
0.006683349609
-0.007080078125
0.001281738281
-0.002868652344
-0.01318359375
0.006622314453
-0.006332397461
0.007965087891
-0.01568603516
-0.01043701172
-0.01446533203
0.003372192383
-0.0164642334
-0.003707885742
0.007598876953
-0.02488708496
0.001983642578
0.005508422852
-0.0087890625
-0.003799438477
0.007797241211
-0.005599975586
-0.001007080078
-0.001892089844
-0.0001068115234
-0.006652832031
-0.01112365723
0.0029296875
-0.007751464844
-0.001190185547
0.001449584961
0.001983642578
-0.005279541016
0.003067016602
