-0.015191392041743
-0.006933185271919
-0.005703626666218
-0.014466739259660
0.029824851080775
-0.000012639718079
-0.016275685280561
0.013899649493396
0.001091438927688
-0.013037105090916
0.002972246380523
0.011369722895324
-0.002568989060819
-0.007564606610686
-0.003703231224790
0.002820306457579
-0.012197184376419
0.006394290365279
0.014490425586700
-0.015231732279062
-0.005125942640007
0.012256659567356
-0.006760343443602
0.013592288829386
0.012615045532584
-0.004502144176513
0.009869526140392
0.006271078251302
-0.009366771206260
-0.016244966536760
0.006322446744889
0.003283423604444
0.002846186282113
-0.000637592049316
-0.004749560263008
0.001634421409108
0.003037861082703
-0.006880737841129
0.000554108584765
0.009580376558006
0.010860661976039
-0.001933296676725
-0.001430785749108
-0.000258505344391
-0.008853292092681
-0.013467938639224
-0.001513286377303
0.008935134857893
0.004925342276692
0.001593940542080
0.010891422629356
-0.004487818572670
-0.002992474939674
-0.000902915431652
0.007644758094102
0.011926944367588
-0.004521587863564
0.008303698152304
0.001630291808397
0.003781674196944
0.018547911196947
0.002167983446270
0.006977065932006
0.007706520147622
-0.289152801036835
-0.219737246632576
-0.284579634666443
-0.004688160028309
-0.093753047287464
-0.294555097818375
0.272366911172867
0.290353745222092
0.304601371288300
-0.326050281524658
-0.152478024363518
-0.302930891513824
0.106124728918076
0.260640799999237
0.006834995467216
-0.112042374908924
0.013471871614456
-0.001683692913502
-0.006109085399657
-0.006935150828212
-0.003105926327407
-0.006170103792101
0.005681220442057
-0.009731488302350
-0.001541102887131
-0.000941851118114
-0.001236951211467
-0.001321963849477
-0.003160943044350
-0.006298705469817
-0.005209271796048
-0.009734679944813
0.005120618268847
-0.008648678660393
-0.014409181661904
-0.003434840589762
-0.001520324149169
0.006041859742254
0.002014870056883
0.004676957149059
-0.002289673779160
-0.001148384879343
-0.016544898971915
0.007424141746014
-0.002560618799180
-0.003150328062475
0.023236583918333
-0.000847823335789
0.008637549355626
0.019999183714390
-0.015484472736716
0.016075439751148
0.008614053949714
-0.006993742659688
0.015780476853251
0.005477021448314
-0.000198108275072
-0.010494268499315
-0.002330430317670
-0.017095450311899
-0.008281909860671
0.016530828550458
0.028299843892455
-0.001525673666038
-0.010117075406015
0.001997404731810
-0.000763609656133
-0.011873930692673
-0.002527285600081
0.012093981727958
-0.013023808598518
0.009854455478489
-0.009542674757540
0.003748060204089
-0.008589201606810
0.011463951319456
0.000113405360025
-0.007860276848078
0.010601941496134
-0.000092552290880
-0.025063887238503
-0.024396369233727
-0.001845498569310
0.002478274051100
0.006314452271909
-0.021015727892518
-0.001471728784963
-0.003632827894762
-0.012655481696129
0.005774563644081
0.006734035909176
0.006970644928515
0.004424725193530
0.001695758663118
-0.004740132484585
-0.007191136479378
