-0.02012634277
-0.01109313965
-0.009002685547
-0.01934814453
0.02932739258
-0.003494262695
-0.02137756348
0.01147460938
-0.002075195312
-0.01786804199
0.0004119873047
0.009017944336
-0.006530761719
-0.01210021973
-0.007415771484
0.0002593994141
-0.01496887207
0.003463745117
0.01153564453
-0.0179901123
-0.008041381836
0.009384155273
-0.009628295898
0.01065063477
0.009735107422
-0.007446289062
0.007080078125
0.003311157227
-0.01225280762
-0.01899719238
0.003463745117
0.0003509521484
6.103515625e-05
-0.003479003906
-0.00813293457
-0.0008544921875
0.0007171630859
-0.01045227051
-0.001205444336
0.008026123047
0.008758544922
-0.005035400391
-0.004287719727
-0.002868652344
-0.01205444336
-0.01728820801
-0.004028320312
0.0078125
0.002243041992
-0.0008087158203
0.007125854492
-0.005981445312
-0.004669189453
-0.002792358398
0.004409790039
0.007934570312
-0.005874633789
0.004867553711
-0.0006561279297
0.001113891602
0.01358032227
-0.0002593994141
0.003829956055
0.004440307617
-0.2917175293
-0.2233123779
-0.287109375
-0.007949829102
-0.09776306152
-0.2970428467
0.2678222656
0.2857513428
0.3000488281
-0.3285522461
-0.1560974121
-0.3058319092
0.1026000977
0.2564086914
0.002899169922
-0.1157073975
0.01402282715
-0.004287719727
-0.01034545898
-0.01159667969
-0.006225585938
-0.01078796387
0.004501342773
-0.01499938965
-0.005157470703
-0.003570556641
-0.004669189453
-0.003982543945
-0.006973266602
-0.01083374023
-0.00959777832
-0.01536560059
0.002502441406
-0.01188659668
-0.01811218262
-0.006362915039
-0.004241943359
0.00358581543
-0.0007476806641
0.002044677734
-0.005310058594
-0.004013061523
-0.02018737793
0.005004882812
-0.005615234375
-0.00602722168
0.02183532715
-0.00358581543
0.00456237793
0.01516723633
-0.01737976074
0.01177978516
0.004623413086
-0.009231567383
0.01124572754
0.00178527832
-0.003173828125
-0.01243591309
-0.005569458008
-0.01844787598
-0.01054382324
0.01191711426
0.02325439453
-0.004898071289
-0.01358032227
-0.0006103515625
-0.003768920898
-0.01573181152
-0.005477905273
0.01000976562
-0.0164642334
0.007843017578
-0.01292419434
0.0009307861328
-0.01217651367
0.009521484375
-0.002899169922
-0.01110839844
0.008514404297
-0.002883911133
-0.03129577637
-0.03079223633
-0.006042480469
-6.103515625e-05
0.003616333008
-0.02767944336
-0.005416870117
-0.008102416992
-0.0182800293
0.003784179688
0.004364013672
0.005325317383
0.002197265625
-0.001342773438
-0.008743286133
-0.01219177246
