0.008486429229379
0.011508659459651
-0.021822646260262
0.001276408322155
0.002846465678886
0.008118254132569
0.002480285940692
-0.007803129032254
-0.010230695828795
0.035136368125677
-0.026194881647825
-0.019359502941370
0.022080173715949
0.014929242432117
-0.020789206027985
-0.016002355143428
-0.006614519748837
0.006972596980631
0.006979816127568
-0.009913022629917
0.015616474673152
0.007249084301293
-0.007687158416957
0.012277373112738
0.010815875604749
0.005919904448092
0.000829686992802
0.001673553953879
0.008163857273757
-0.012815820053220
0.005466924980283
-0.010256197303534
0.016478547826409
-0.001985302660614
0.017878865823150
0.009286636486650
-0.007160406559706
-0.003109254641458
-0.006505422759801
0.006673729978502
-0.006109435111284
-0.003147279378027
0.010934351943433
-0.006426956970245
-0.010313743725419
0.001598612056114
0.000506478245370
-0.006295668892562
-0.000194677631953
0.021584592759609
0.016187904402614
-0.036752395331860
-0.013907918706536
0.010391377843916
-0.000073950133810
0.009723733179271
-0.002923463238403
-0.007704915944487
-0.004335229750723
0.011247808113694
0.023172115907073
0.023911220952868
-0.001382399117574
-0.002293334109709
-0.002085639163852
-0.005904064513743
-0.002100073033944
0.007688561920077
0.006575454026461
-0.000663975777570
0.002750396262854
0.006478926632553
0.008775102905929
-0.007907175458968
-0.001726381131448
0.000588830036577
-0.012252235785127
0.005044329911470
-0.010704260319471
0.004309429787099
0.005661761388183
-0.032044414430857
-0.016449809074402
0.025253819301724
-0.016600774601102
0.005894090980291
0.008885915391147
0.041884250938892
0.012607628479600
-0.034682769328356
0.027962695807219
-0.003745773574337
-0.005837588571012
0.019679032266140
0.017002997919917
0.013484285213053
0.077984079718590
0.294367432594299
0.251095801591873
0.181978732347488
-0.290419876575470
-0.181920871138573
0.296786576509476
0.275047719478607
0.041868392378092
0.100926689803600
-0.163787096738815
0.023759301751852
0.329117923974991
-0.317593395709991
-0.286051690578461
-0.321470856666565
-0.008090907707810
0.006344869267195
-0.013678841292858
0.020329581573606
-0.000923544110265
0.019417081028223
0.006427806336433
-0.008060406893492
0.023090068250895
-0.002998566487804
-0.020322132855654
0.000493907078635
-0.013377115130424
-0.000258319167187
0.020166313275695
-0.008634870871902
-0.002921559847891
0.004873086698353
0.009270714595914
0.002163918223232
-0.003221257356927
0.009543675929308
-0.003511724993587
-0.002452159766108
-0.001288293045945
0.002243156777695
0.005644528660923
-0.002946086460724
0.001580504700541
0.000561435532290
0.000577970640734
0.004789330996573
-0.029133176431060
-0.005349697079509
0.003628586186096
-0.002119285520166
-0.015067198313773
-0.014748178422451
-0.001761034480296
0.000801765883807
-0.014596615917981
0.013126896694303
0.004335295408964
0.010238936170936
0.009247677400708
0.005369796417654
0.005954788997769
-0.007064749486744
