0.004837036133
0.00798034668
-0.02610778809
-0.002655029297
-0.0005035400391
0.004806518555
-0.001434326172
-0.01211547852
-0.01435852051
0.03215026855
-0.03065490723
-0.02389526367
0.01872253418
0.01139831543
-0.02551269531
-0.0200958252
-0.008682250977
0.003921508789
0.003982543945
-0.01184082031
0.01239013672
0.00422668457
-0.009887695312
0.008987426758
0.007522583008
0.003051757812
-0.001800537109
-0.001068115234
0.00520324707
-0.01458740234
0.002685546875
-0.01246643066
0.01342773438
-0.004959106445
0.01493835449
0.006500244141
-0.01011657715
-0.006256103516
-0.008666992188
0.004165649414
-0.009353637695
-0.006256103516
0.008010864258
-0.009216308594
-0.01313781738
-0.001342773438
-0.002059936523
-0.008483886719
-0.003555297852
0.01782226562
0.01257324219
-0.03982543945
-0.01707458496
0.006729125977
-0.003662109375
0.00602722168
-0.006454467773
-0.01118469238
-0.007781982422
0.007583618164
0.01931762695
0.02021789551
-0.004837036133
-0.005645751953
-0.004776000977
-0.009033203125
-0.004776000977
0.005844116211
0.004318237305
-0.003280639648
0.0005798339844
0.004608154297
0.007080078125
-0.01097106934
-0.004531860352
-0.002044677734
-0.01531982422
0.003143310547
-0.01396179199
0.001953125
0.002059936523
-0.03366088867
-0.0198059082
0.01951599121
-0.01914978027
0.0007781982422
0.005126953125
0.03555297852
0.007217407227
-0.03665161133
0.02209472656
-0.006805419922
-0.01039123535
0.0142364502
0.01155090332
0.007705688477
0.07453918457
0.2914276123
0.2478485107
0.1790771484
-0.2938232422
-0.185333252
0.294052124
0.2721252441
0.03829956055
0.09773254395
-0.1673583984
0.02062988281
0.3260803223
-0.3211975098
-0.2891082764
-0.3249664307
-0.01196289062
0.002471923828
-0.01684570312
0.01702880859
-0.00471496582
0.01672363281
0.00260925293
-0.01167297363
0.02020263672
-0.005783081055
-0.02432250977
-0.002136230469
-0.01649475098
-0.004241943359
0.01679992676
-0.01252746582
-0.004455566406
0.002700805664
0.006652832031
0.0001068115234
-0.00471496582
0.006942749023
-0.004913330078
-0.004028320312
-0.002899169922
0.0001068115234
0.003265380859
-0.004425048828
-0.00048828125
-0.001190185547
-0.001281738281
0.002624511719
-0.03503417969
-0.009094238281
0.0003662109375
-0.005294799805
-0.01968383789
-0.0198059082
-0.005401611328
-0.002838134766
-0.01953125
0.01127624512
0.001586914062
0.008377075195
0.007095336914
0.002487182617
0.003219604492
-0.01136779785
