-0.228678688406944
-0.308950364589691
0.205861166119576
-0.244729161262512
0.253904163837433
-0.254536181688309
-0.193980365991592
0.146218866109848
0.177266836166382
-0.143304839730263
0.246082961559296
0.226315230131149
-0.265771865844727
-0.134742096066475
-0.041015014052391
0.375359088182449
-0.000784801028203
0.002935207216069
-0.000500059104525
-0.000466719036922
0.002025649650022
0.001370550598949
-0.003569407854229
0.000241966903559
0.001070874161087
-0.003656068583950
-0.000722951779608
0.003050936618820
-0.000110788911115
-0.000997544499114
-0.000248475786066
0.002334540477023
-0.006971239112318
-0.022423850372434
-0.002366028027609
0.003919197246432
-0.013792465440929
-0.002718748059124
0.002890752162784
0.030097497627139
-0.010930753313005
0.009818093851209
0.000565702735912
0.009004423394799
-0.023367142304778
0.000112667570647
0.011780682951212
-0.002457726281136
-0.018382064998150
0.009643957018852
-0.002835431834683
-0.008313841186464
0.012082483619452
0.002011182717979
0.007840473204851
0.003124705515802
-0.003164560999721
-0.011219661682844
-0.004086740780622
-0.019222142174840
0.014429679140449
0.015872476622462
-0.007844381034374
0.012054540216923
0.000459243427031
0.003979892469943
-0.002614899538457
0.001647032098845
0.019745390862226
0.000919630576391
0.002703794045374
0.004846032708883
0.002231624210253
-0.002398575888947
0.007341819349676
0.005167835392058
-0.001571441185661
-0.009923647157848
0.013016583397985
0.011915486305952
0.002699843607843
0.003547561354935
-0.007374195847660
-0.003792898263782
0.003873786423355
-0.009425125084817
0.005582467187196
-0.002132963156328
0.001692234771326
0.000027442501960
-0.006912419572473
0.005016006529331
0.004464741330594
0.003805339802057
-0.016850803047419
-0.013880187645555
0.006947968155146
-0.001853358815424
0.006876518018544
0.003126129508018
-0.018255226314068
0.024844469502568
-0.000890293740667
0.013645057566464
0.001489102141932
0.011161096394062
-0.005986809264868
0.005343757569790
-0.001683806767687
0.006345621775836
-0.012545203790069
0.008760486729443
-0.002578356303275
-0.004016776569188
-0.010560169816017
-0.000770560174715
-0.003504502819851
0.002120955847204
0.004295960068703
-0.004360138904303
-0.011608666740358
0.008086905814707
-0.000579412793741
-0.009210354648530
-0.003897360060364
0.009531522169709
-0.006303067319095
-0.001394151127897
-0.006008877418935
0.000844509282615
-0.010292773135006
-0.001304407953285
-0.005220463965088
0.000803144939709
-0.009250823408365
0.003978473134339
-0.007121268194169
-0.005735580809414
-0.008205105550587
0.004048421047628
-0.012982547283173
-0.006201624404639
-0.007146396674216
0.001643848954700
0.004920397885144
-0.009459458291531
0.000081538375525
-0.007968744263053
0.008122963830829
0.001783941988833
-0.000215741805732
-0.002646092791110
-0.005189549643546
0.006437838543206
-0.002372750546783
-0.000042985197069
-0.003197766374797
0.001469723298214
0.001146727008745
0.008544628508389
