-0.2333068848
-0.3130493164
0.2021789551
-0.249420166
0.2499542236
-0.2580718994
-0.1991882324
0.1407928467
0.1728820801
-0.1491851807
0.2426605225
0.2209014893
-0.2706604004
-0.1407470703
-0.04527282715
0.3706817627
-0.002319335938
0.001907348633
-0.002105712891
-0.001953125
0.0008697509766
6.103515625e-05
-0.005599975586
-0.001220703125
-0.0002746582031
-0.005661010742
-0.002319335938
0.002014160156
-0.001586914062
-0.002548217773
-0.001724243164
0.001190185547
-0.01206970215
-0.02789306641
-0.006942749023
0.0004425048828
-0.01846313477
-0.00749206543
0.0008850097656
0.02864074707
-0.0161895752
0.005996704102
-0.003448486328
0.005737304688
-0.02830505371
-0.003814697266
0.009246826172
-0.0048828125
-0.02224731445
0.006988525391
-0.005828857422
-0.01211547852
0.009628295898
-0.001251220703
0.004898071289
0.0002136230469
-0.006561279297
-0.01499938965
-0.007522583008
-0.02322387695
0.01200866699
0.01362609863
-0.0114440918
0.00959777832
-0.001937866211
0.0009918212891
-0.004623413086
-0.0006866455078
0.01498413086
-0.00146484375
0.000244140625
0.002136230469
-0.0001831054688
-0.004440307617
0.004028320312
0.002166748047
-0.003448486328
-0.01089477539
0.009140014648
0.008163452148
0.0005187988281
0.001617431641
-0.0113067627
-0.007461547852
0.001861572266
-0.01391601562
0.003814697266
-0.005477905273
-0.001190185547
-0.002593994141
-0.01110839844
0.003204345703
0.002014160156
0.001342773438
-0.02247619629
-0.01927185059
0.003829956055
-0.004638671875
0.003662109375
0.0002136230469
-0.0200958252
0.0210723877
-0.003723144531
0.0101776123
-0.001419067383
0.007751464844
-0.008453369141
0.002304077148
-0.004516601562
0.003387451172
-0.01461791992
0.005737304688
-0.006118774414
-0.007888793945
-0.01472473145
-0.003814697266
-0.007217407227
0.0001678466797
0.001861572266
-0.008071899414
-0.0161895752
0.007278442383
-0.003692626953
-0.01284790039
-0.006942749023
0.007934570312
-0.01036071777
-0.004638671875
-0.0106048584
-0.001831054688
-0.01626586914
-0.005004882812
-0.00959777832
-0.002182006836
-0.0142364502
0.002197265625
-0.01200866699
-0.01058959961
-0.01371765137
0.002365112305
-0.01965332031
-0.01066589355
-0.01203918457
-0.0008544921875
0.003067016602
-0.01235961914
-0.002197265625
-0.01063537598
0.006484985352
-0.0004119873047
-0.002487182617
-0.005172729492
-0.007843017578
0.004791259766
-0.004684448242
-0.002105712891
-0.005569458008
-0.0006561279297
-0.0009002685547
0.006851196289
