-0.194978401064873
-0.273242205381393
0.196365103125572
-0.255242496728897
0.325713515281677
-0.217602610588074
-0.180274054408073
0.128177076578140
0.193013504147530
-0.180642113089561
0.323356688022614
0.208326399326324
-0.250731259584427
-0.229454815387726
-0.009692233987153
0.316178649663925
0.006832384504378
-0.006645881105214
0.005564067978412
0.004596118349582
0.008716156706214
-0.001322272233665
-0.010923143476248
-0.002029328607023
-0.004518752451986
-0.004872380755842
-0.002445774618536
0.008772701025009
-0.007314674556255
0.003254691371694
0.014896718785167
-0.007828030735254
0.007491230964661
-0.005410284735262
0.017629507929087
0.010840218514204
-0.009879221208394
0.005807404872030
0.000989171676338
0.007081897463650
0.001832636422478
0.003560799639672
0.009408588521183
0.012898290529847
0.004178139846772
-0.003597671166062
0.015397304669023
-0.004287318326533
0.002566085429862
-0.007263998035342
-0.008395650424063
0.002147105755284
-0.009385217912495
0.010665250010788
0.019551794975996
-0.007342849392444
0.010329990647733
-0.003488432383165
0.001705920556560
-0.009003109298646
-0.000100920056866
-0.002940459176898
0.009111360646784
0.014395308680832
0.002584012923762
0.004018435720354
0.002615938428789
-0.013786872848868
0.007687311619520
0.001184617751278
-0.003439207561314
-0.000286743656034
-0.006287121213973
0.002434646710753
0.002601329702884
0.006085562985390
0.000764309137594
-0.001463233260438
0.003697297303006
0.003135442268103
-0.008868979290128
0.009299313649535
0.005820729769766
-0.004262380301952
0.004125926177949
-0.005034580361098
0.012549579143524
0.002147336490452
0.003689985955134
-0.000827596930321
-0.010353234596550
0.001193993841298
-0.000946776533965
-0.003946038428694
-0.002655088668689
-0.021317951381207
0.002467993646860
-0.002027218462899
-0.004141989629716
-0.005934649612755
0.003575052134693
-0.011179999448359
0.005653390660882
-0.001253436901607
-0.011670366860926
-0.002918727928773
-0.005265750922263
-0.005832334514707
-0.006269323639572
-0.006620598956943
0.006112348753959
-0.008994866162539
-0.004421743098646
-0.002812962513417
-0.012214068323374
0.008186521939933
-0.008428764529526
0.011137948371470
-0.002339022699744
-0.004664523061365
-0.000082218823081
0.003931073471904
0.000913250900339
-0.000086946296506
-0.008659799583256
-0.001002821023576
0.001253920374438
0.000134820802487
-0.006145677063614
0.003453005338088
-0.002689327811822
0.000295114499750
-0.003853513393551
0.003273852635175
0.000768621801399
0.000944978266489
-0.003987290430814
-0.000022431238904
-0.013966222293675
-0.001604334218428
-0.003713986137882
0.005805124528706
-0.011713958345354
-0.003252514405176
-0.000813035119791
-0.016694003716111
-0.002066991757601
-0.003996370825917
-0.001220893580467
-0.002969270572066
-0.005447708070278
-0.001919402857311
-0.007295008283108
0.009348033927381
-0.002294780686498
0.001538041164167
0.001705315313302
-0.001344488468021
0.007279650773853
0.004342897795141
