-0.19972229
-0.2773895264
0.1929779053
-0.2595825195
0.3213653564
-0.2211608887
-0.1853942871
0.1231079102
0.1889038086
-0.1859130859
0.3194732666
0.2034301758
-0.2553710938
-0.2343292236
-0.01406860352
0.3121185303
0.004928588867
-0.009643554688
0.003067016602
0.002487182617
0.006576538086
-0.004104614258
-0.01402282715
-0.004898071289
-0.007537841797
-0.007720947266
-0.005187988281
0.006469726562
-0.01020812988
0.001098632812
0.01307678223
-0.01089477539
0.003234863281
-0.007431030273
0.01217651367
0.006881713867
-0.01106262207
0.00178527832
-0.0005645751953
0.003768920898
-0.001617431641
1.525878906e-05
0.005264282227
0.008529663086
0.001251220703
-0.005798339844
0.01118469238
-0.005172729492
-0.0001983642578
-0.009872436523
-0.01103210449
-0.0006866455078
-0.01202392578
0.007919311523
0.0167388916
-0.01016235352
0.007568359375
-0.006332397461
-0.001068115234
-0.01176452637
-0.002853393555
-0.005599975586
0.00634765625
0.01174926758
0.0005035400391
0.001815795898
0.0005798339844
-0.01602172852
0.005599975586
-0.0008544921875
-0.005554199219
-0.002319335938
-0.008407592773
0.0003662109375
0.0004272460938
0.004013061523
-0.001235961914
-0.003479003906
0.001617431641
0.0009918212891
-0.0124206543
0.007751464844
0.003555297852
-0.007858276367
0.001861572266
-0.008712768555
0.01116943359
-0.0007171630859
0.0009307861328
-0.003570556641
-0.01458740234
-0.001342773438
-0.004165649414
-0.007415771484
-0.005996704102
-0.02688598633
7.629394531e-05
-0.005172729492
-0.008163452148
-0.009780883789
0.001525878906
-0.01670837402
0.004348754883
-0.004272460938
-0.01751708984
-0.006362915039
-0.009536743164
-0.009994506836
-0.01065063477
-0.01113891602
0.005004882812
-0.01400756836
-0.008422851562
-0.006683349609
-0.0164642334
0.006637573242
-0.01306152344
0.01089477539
-0.006118774414
-0.008453369141
-0.00244140625
0.002670288086
-0.002044677734
-0.00178527832
-0.01229858398
-0.004608154297
-0.001556396484
-0.003036499023
-0.01008605957
0.001525878906
-0.006118774414
-0.002670288086
-0.00732421875
0.00114440918
-0.00129699707
-0.001449584961
-0.007522583008
-0.003036499023
-0.02012634277
-0.004501342773
-0.007446289062
0.004608154297
-0.01708984375
-0.006637573242
-0.003402709961
-0.02180480957
-0.005081176758
-0.006958007812
-0.003982543945
-0.00617980957
-0.008911132812
-0.004959106445
-0.0111541748
0.008377075195
-0.005187988281
-0.0005493164062
-0.0003814697266
-0.004165649414
0.005905151367
0.002212524414
