0.000434666872025
-0.000242829293711
0.001181341940537
-0.004591186530888
0.010624227114022
-0.005405107047409
-0.000562022614758
-0.005963088013232
-0.000121705103084
0.002385537372902
-0.002905992092565
-0.007037878036499
0.000770792656112
-0.002789230551571
0.006000670138747
-0.001404689275660
0.002701745601371
-0.004930608905852
0.003671522485092
0.001273259520531
0.007939989678562
0.000104671984445
-0.006591354031116
0.001049511600286
-0.001421493478119
-0.000600639730692
0.000990340253338
0.003661514259875
-0.011106932535768
0.001280097058043
0.009878465905786
0.010863574221730
-0.005714746657759
-0.020165389403701
-0.002273123245686
0.006462891586125
0.009276377037168
-0.002351806731895
0.007773275021464
-0.027211733162403
0.004674011841416
-0.020757483318448
-0.010553581640124
-0.031505014747381
0.023316677659750
-0.007865427061915
0.033780831843615
0.017873905599117
-0.029459076002240
-0.004342706408352
0.025170521810651
-0.016068868339062
0.030889244750142
-0.024779962375760
-0.025241231545806
0.005767568945885
-0.040368936955929
-0.026795145124197
-0.013445335440338
-0.010130507871509
0.019817072898149
0.004375657532364
-0.006700904108584
0.000838247186039
-0.289531320333481
-0.065665900707245
-0.277682214975357
-0.069900445640087
-0.080834262073040
-0.298937797546387
0.332552284002304
0.310290843248367
0.337220788002014
-0.272630244493484
-0.080440856516361
-0.283361405134201
0.105648621916771
0.285056740045547
-0.020820833742619
-0.180349245667458
0.004098230507225
-0.013481308706105
-0.015357372350991
0.008855954743922
0.007412840146571
0.006873005069792
-0.010689510963857
0.010609203018248
0.009126270189881
-0.030808223411441
0.010182399302721
0.009465767070651
0.003275332972407
0.005455187987536
0.007989593781531
0.011602135375142
0.012003715150058
0.000063583858719
-0.005914542358369
0.002378328703344
-0.001114291953854
0.011613159440458
-0.004180739168078
-0.001121546258219
-0.015946762636304
0.005760325584561
-0.015888713300228
0.014213060028851
-0.004634616430849
-0.006576418876648
0.004881384316832
0.001602082164027
0.008564047515392
0.015716237947345
-0.004140811040998
-0.006961267441511
0.015107171609998
-0.003671183250844
0.007237734738737
0.004998023621738
-0.003352908650413
-0.003855137387291
0.005073902197182
-0.004874295089394
-0.004992799367756
0.008126118220389
0.008839621208608
0.000333700852934
-0.001079695648514
0.002039157086983
-0.007771898526698
-0.000757705885917
0.004583162255585
-0.002363162813708
-0.001252306625247
-0.004027471411973
0.006407584995031
-0.010412124916911
0.000864116649609
-0.002282294910401
0.001859029754996
0.006532867439091
0.002375541953370
-0.003675318555906
-0.010487156920135
-0.010956388898194
-0.000851157528814
-0.009410014376044
0.002614501398057
0.004323346074671
0.010770621709526
-0.004305544309318
0.010845993645489
-0.013462265022099
-0.019149111583829
-0.000139150390169
-0.014391826465726
0.008463404141366
-0.005807251669466
-0.005305035039783
