-0.00178527832
-0.002563476562
-0.0006408691406
-0.007568359375
0.01014709473
-0.008361816406
-0.002975463867
-0.00910949707
-0.002288818359
0.0003662109375
-0.005340576172
-0.0101776123
-0.001495361328
-0.005569458008
0.004608154297
-0.003570556641
0.0007171630859
-0.007110595703
0.001373291016
-0.0007019042969
0.00569152832
-0.002105712891
-0.008651733398
-0.001205444336
-0.003707885742
-0.002716064453
-0.001159667969
0.001403808594
-0.01309204102
-0.0006713867188
0.00764465332
0.008575439453
-0.0115814209
-0.02606201172
-0.007659912109
0.002578735352
0.005584716797
-0.008026123047
0.005950927734
-0.03283691406
-0.00048828125
-0.02722167969
-0.01580810547
-0.03776550293
0.02088928223
-0.01292419434
0.03211975098
0.01652526855
-0.03755187988
-0.008193969727
0.02507019043
-0.02372741699
0.03088378906
-0.03303527832
-0.03343200684
0.002639770508
-0.05009460449
-0.0352935791
-0.02055358887
-0.01667785645
0.01835632324
0.001480102539
-0.01301574707
-0.002227783203
-0.2925720215
-0.07029724121
-0.2806549072
-0.07279968262
-0.08522033691
-0.3018188477
0.3280029297
0.3059082031
0.3328552246
-0.2757873535
-0.08464050293
-0.2866821289
0.1021728516
0.281036377
-0.02470397949
-0.1839599609
0.001281738281
-0.01599121094
-0.01832580566
0.005462646484
0.004455566406
0.003326416016
-0.01336669922
0.00715637207
0.005569458008
-0.03335571289
0.006713867188
0.006576538086
-6.103515625e-05
0.001998901367
0.004501342773
0.007919311523
0.009796142578
-0.002746582031
-0.009033203125
-0.0002136230469
-0.003768920898
0.009490966797
-0.007125854492
-0.003952026367
-0.01954650879
0.003265380859
-0.01937866211
0.01214599609
-0.00764465332
-0.009552001953
0.002502441406
-0.0009765625
0.005401611328
0.01197814941
-0.005996704102
-0.008834838867
0.01145935059
-0.005493164062
0.004196166992
0.002197265625
-0.005386352539
-0.005584716797
0.002197265625
-0.006576538086
-0.006820678711
0.004943847656
0.005722045898
-0.00212097168
-0.003295898438
-1.525878906e-05
-0.01138305664
-0.003402709961
0.00325012207
-0.005096435547
-0.003356933594
-0.007019042969
0.005355834961
-0.01455688477
-0.001541137695
-0.004989624023
-0.0003204345703
0.005554199219
0.0003662109375
-0.006729125977
-0.0149230957
-0.0154876709
-0.004165649414
-0.01364135742
-0.0001525878906
0.00163269043
0.009017944336
-0.008163452148
0.008972167969
-0.01815795898
-0.02462768555
-0.003067016602
-0.01924133301
0.006362915039
-0.009628295898
-0.009216308594
