-0.001283157151192
0.006850018166006
-0.023250887170434
0.009017206728458
-0.015630669891834
0.010886352509260
0.009389433078468
0.005375450477004
-0.024430010467768
0.008982320316136
-0.007444516289979
0.007055335678160
0.016768759116530
-0.004107731860131
0.015290112234652
-0.006669729482383
-0.325035810470581
0.341988414525986
0.112714171409607
-0.341445922851562
-0.050690621137619
0.267815291881561
-0.065341271460056
0.328277260065079
0.361930906772614
0.031740255653858
0.099133670330048
0.046696834266186
0.214943006634712
-0.358551025390625
-0.145580366253853
-0.033384937793016
-0.014905235730112
-0.045094262808561
-0.035987067967653
0.001442778739147
-0.013704587705433
-0.021193278953433
0.020682098343968
-0.002311923541129
0.007505674380809
-0.006179026793689
0.015358039177954
-0.024807753041387
-0.001200942555442
0.009370936080813
-0.003488366492093
0.014428324997425
-0.007944434881210
0.001626163953915
0.013011587783694
-0.019191635772586
0.008571340702474
0.009769279509783
-0.009146575815976
0.001980182016268
-0.013887702487409
-0.016149641945958
0.005239079240710
0.009094572626054
0.005408843979239
-0.008327043615282
-0.007667326368392
-0.017065783962607
0.009938770905137
0.018255731090903
0.009432405233383
-0.000971531611867
0.001698006992228
0.006756644695997
-0.007456489372998
-0.014399865642190
0.004470910876989
0.000405312894145
0.000862369488459
0.009450162760913
0.005288988351822
-0.016873277723789
-0.001555721857585
0.000620153383352
0.006077891215682
0.013251551426947
-0.007790811825544
-0.008228946477175
0.009286507964134
-0.021836740896106
0.011568196117878
-0.013769209384918
-0.017972996458411
0.013603208586574
-0.022688876837492
0.005086194723845
-0.017729640007019
-0.018623778596520
-0.019085882231593
-0.047839686274529
0.001846684492193
0.003050998551771
0.011608914472163
-0.003621042240411
-0.003044515382499
-0.006513498723507
0.004064099397510
0.004877971019596
0.000759451824706
0.006679821759462
0.005511697847396
0.005158564075828
-0.006784544792026
-0.002934639109299
-0.005833688192070
-0.002916441997513
-0.005925341974944
0.000871233409271
-0.005609315820038
0.003221635939553
-0.006146386731416
0.022779356688261
-0.001143917441368
-0.007382624782622
-0.000503511109855
0.002208372810856
0.005474987905473
-0.004268883727491
-0.001678920933045
0.004131681285799
0.015543268062174
-0.006437951233238
-0.006494570523500
0.002263013273478
0.008020957931876
0.000811739126220
-0.002851902507246
0.005802236963063
0.006661138962954
0.004880218300968
-0.004787093028426
-0.014198550023139
-0.003104220377281
0.006852813530713
0.000955130963121
-0.006857589352876
0.004661330021918
0.001210594200529
-0.012464150786400
-0.018002247437835
-0.003358340589330
0.002005680929869
-0.006963789928705
-0.008535361848772
0.001424450543709
-0.005840003956109
0.000268079922535
0.001007890095934
-0.004827091004699
0.006993580143899
-0.000317723868648
-0.006166493520141
0.014267564751208
-0.007672634441406
