-0.004486083984
0.003829956055
-0.02647399902
0.005981445312
-0.01872253418
0.008071899414
0.006317138672
0.002212524414
-0.02783203125
0.005920410156
-0.01049804688
0.004119873047
0.01377868652
-0.007369995117
0.01243591309
-0.009628295898
-0.328704834
0.3392791748
0.1087493896
-0.3450012207
-0.05424499512
0.2645263672
-0.0689239502
0.3251953125
0.3589019775
0.02848815918
0.09574890137
0.04295349121
0.2123413086
-0.3621826172
-0.1494750977
-0.03730773926
-0.0237121582
-0.0558013916
-0.0466003418
-0.003067016602
-0.01985168457
-0.03045654297
0.0218963623
-0.006988525391
0.001525878906
-0.01335144043
0.01184082031
-0.0327911377
-0.005035400391
0.005294799805
-0.007476806641
0.01477050781
-0.01206970215
-0.0009918212891
0.01188659668
-0.02493286133
0.006759643555
0.007293701172
-0.01368713379
-0.0006866455078
-0.01884460449
-0.02143859863
0.002212524414
0.006591796875
0.003189086914
-0.01193237305
-0.01194763184
-0.02146911621
0.007064819336
0.01515197754
0.006622314453
-0.003280639648
-0.001083374023
0.003997802734
-0.009582519531
-0.01643371582
0.002075195312
-0.002182006836
-0.001861572266
0.006530761719
0.002838134766
-0.01878356934
-0.004119873047
-0.002090454102
0.003372192383
0.01159667969
-0.01301574707
-0.01393127441
0.006774902344
-0.02914428711
0.009201049805
-0.02006530762
-0.02499389648
0.01142883301
-0.03015136719
0.002304077148
-0.02459716797
-0.0252532959
-0.02606201172
-0.05844116211
-0.0001678466797
0.001068115234
0.009674072266
-0.005599975586
-0.004989624023
-0.008575439453
0.002075195312
0.002899169922
-0.001281738281
0.004745483398
0.003601074219
0.003158569336
-0.008865356445
-0.004913330078
-0.0078125
-0.004913330078
-0.008865356445
-0.002105712891
-0.008041381836
0.0005950927734
-0.009094238281
0.02108764648
-0.004104614258
-0.01031494141
-0.002944946289
0.000244140625
0.002807617188
-0.006301879883
-0.003997802734
0.001220703125
0.01306152344
-0.00927734375
-0.009002685547
0.0001525878906
0.006103515625
-0.001602172852
-0.005187988281
0.003799438477
0.004974365234
0.0029296875
-0.007263183594
-0.01731872559
-0.005706787109
0.004974365234
-0.001358032227
-0.009307861328
0.002578735352
-0.0009765625
-0.0170135498
-0.02351379395
-0.006912231445
-0.0002288818359
-0.01094055176
-0.01292419434
-0.001266479492
-0.009750366211
-0.002746582031
-0.001419067383
-0.00830078125
0.005599975586
-0.002914428711
-0.009963989258
0.01368713379
-0.01188659668
