-0.000799117027782
-0.004433722700924
0.001032748143189
0.005114890635014
0.007880201563239
0.008354772813618
-0.000034425753256
0.004738331306726
-0.014962458983064
0.001147966948338
0.007369461935014
-0.003375910455361
0.005433022510260
-0.006781206466258
-0.003813963849097
0.007792020682245
-0.001532064401545
0.011194137856364
-0.014895437285304
0.005090048536658
-0.015977466478944
-0.000626416411251
0.010987718589604
-0.004488973878324
-0.003630139864981
0.030678719282150
-0.004141616635025
-0.008848830126226
0.024734968319535
0.003073154948652
-0.011890016496181
0.009969291277230
-0.345804780721664
-0.000656464661006
-0.299439668655396
-0.078052319586277
-0.070571050047874
-0.314293533563614
0.379229635000229
0.070580594241619
-0.404947727918625
-0.291207551956177
-0.219340801239014
-0.003289793618023
-0.030525205656886
-0.159887954592705
0.109036140143871
0.336854696273804
0.013050279580057
-0.001245010062121
-0.023257296532393
0.008540968410671
-0.013344502076507
0.012158540077507
0.026965828612447
-0.012885792180896
0.022570436820388
0.001921845600009
0.018401067703962
0.002922822721303
-0.017668830230832
-0.017859477549791
0.005081244744360
-0.014459848403931
0.014342413283885
-0.006468915846199
0.013118327595294
0.007874292321503
0.015109174884856
0.009905505925417
-0.004849998746067
-0.002577793551609
-0.000594371638726
0.013446277007461
-0.020925138145685
0.012863019481301
0.014516298659146
-0.013184649869800
0.002173836575821
-0.020509269088507
-0.005461267195642
-0.006779625546187
0.023701412603259
0.001634507090785
-0.025186071172357
-0.005724134389311
0.001257062540390
0.006299140397459
0.008118389174342
-0.006878500804305
0.000607095018495
-0.015941791236401
-0.009109797887504
0.011327574960887
-0.001960644032806
-0.013348524458706
-0.001425218652003
-0.007855786010623
-0.000120476608572
-0.013487077318132
0.005303034093231
0.006209955550730
-0.010318898595870
-0.003240328747779
-0.001805674983189
0.016183355823159
0.001061501330696
-0.008790927007794
-0.007810181938112
0.009511959739029
0.003907117061317
0.012234946712852
0.024011909961700
0.022557908669114
-0.011081989854574
0.012984056957066
0.013129700906575
-0.016357641667128
0.019309982657433
-0.012915507890284
0.006481730379164
0.006081894971430
0.007793828845024
-0.021881097927690
-0.012550998479128
0.032404620200396
0.014317235909402
0.010543472133577
-0.009335599839687
0.010560027323663
0.010399323888123
0.001598936389200
-0.008332139812410
0.013409308157861
0.000481030612718
0.003917441237718
-0.004400230012834
0.003216941142455
-0.011099087074399
0.002175840316340
0.002772921696305
0.014461941085756
-0.001431904383935
-0.001109109143727
0.009218788705766
-0.005908610764891
-0.002139572286978
-0.002982998266816
-0.005961573217064
0.009476162493229
0.001185785862617
0.007085864897817
0.016010383144021
-0.008174484595656
-0.014760637655854
-0.008734180592000
-0.014062981121242
-0.016529450193048
0.009557457640767
0.009279924444854
