-0.003341674805
-0.006973266602
-0.001190185547
0.002746582031
0.005783081055
0.006118774414
-0.00260925293
0.002380371094
-0.017578125
-0.001373291016
0.005310058594
-0.005844116211
0.003005981445
-0.00944519043
-0.006301879883
0.005661010742
-0.00439453125
0.007629394531
-0.01847839355
0.002304077148
-0.01916503906
-0.004302978516
0.007720947266
-0.00813293457
-0.007339477539
0.02722167969
-0.007522583008
-0.01235961914
0.02137756348
0.0002288818359
-0.01512145996
0.006500244141
-0.348236084
-0.006469726562
-0.3015899658
-0.08059692383
-0.07382202148
-0.3169403076
0.3750915527
0.06672668457
-0.4059753418
-0.2936401367
-0.22215271
-0.007843017578
-0.03317260742
-0.1622619629
0.1051483154
0.3332824707
0.01019287109
-0.005096435547
-0.02783203125
0.005294799805
-0.01779174805
0.009216308594
0.02438354492
-0.01727294922
0.0199432373
-0.001525878906
0.015625
-0.0005187988281
-0.02229309082
-0.02241516113
0.001831054688
-0.01876831055
0.01084899902
-0.01016235352
0.009704589844
0.004776000977
0.01139831543
0.006607055664
-0.007934570312
-0.00569152832
-0.003616333008
0.01002502441
-0.02433776855
0.009307861328
0.0114440918
-0.01608276367
-0.001235961914
-0.0237121582
-0.008911132812
-0.01026916504
0.02201843262
-0.001922607422
-0.03018188477
-0.009841918945
-0.001846313477
0.003112792969
0.005004882812
-0.01055908203
-0.003067016602
-0.0202331543
-0.01347351074
0.008544921875
-0.005828857422
-0.01831054688
-0.004318237305
-0.01110839844
-0.003036499023
-0.01705932617
0.002975463867
0.003814697266
-0.01373291016
-0.006256103516
-0.004806518555
0.01422119141
-0.001556396484
-0.01210021973
-0.01107788086
0.007354736328
0.001495361328
0.01028442383
0.01937866211
0.01803588867
-0.0140838623
0.008895874023
0.009033203125
-0.01908874512
0.0149230957
-0.01586914062
0.002532958984
0.002410888672
0.003845214844
-0.02435302734
-0.01550292969
0.02742004395
0.01010131836
0.00651550293
-0.01164245605
0.007781982422
0.007537841797
-0.001205444336
-0.0106048584
0.01048278809
-0.001708984375
0.001266479492
-0.006744384766
0.0003967285156
-0.01368713379
-0.0003509521484
0
0.01179504395
-0.004058837891
-0.003677368164
0.006912231445
-0.009521484375
-0.005340576172
-0.006286621094
-0.00944519043
0.007202148438
-0.001800537109
0.004577636719
0.01414489746
-0.01190185547
-0.01895141602
-0.01251220703
-0.01823425293
-0.02095031738
0.007339477539
0.006942749023
