-0.002327303867787
0.001336300047114
-0.002534517087042
0.002001417335123
0.006862450856715
0.001155066769570
-0.001762129482813
-0.002051985589787
-0.007443826179951
0.002336992183700
-0.005303149111569
0.000417797127739
0.008811362087727
0.004077105782926
0.001151895499788
-0.004976224154234
0.000566424801946
-0.001469615148380
0.007937084883451
-0.002822029171512
-0.004556389991194
0.001986267510802
-0.003445600625128
0.002294450532645
0.001268222462386
-0.004154637455940
-0.005345453973860
0.006618927698582
-0.002437673974782
-0.003080254420638
0.001351507264189
0.003009032690898
-0.004811585880816
-0.000600655737799
-0.003280140459538
-0.016010690480471
0.010560519061983
-0.009349999949336
-0.006025144830346
-0.000255615508649
0.000978818628937
-0.008946161717176
-0.007296040188521
-0.004048938397318
-0.013371012173593
-0.001898819697089
0.006866973359138
0.007134079001844
-0.002066639484838
0.013595007359982
0.002510176971555
-0.001455790246837
0.023155068978667
0.003510197391734
-0.009382751770318
0.033946529030800
0.020589943975210
0.031258441507816
0.024993384256959
0.000083809834905
0.009823712520301
0.034055680036545
-0.001189388218336
-0.022452168166637
0.005483091343194
0.011821923777461
0.006930698174983
-0.008267610333860
-0.014661994762719
0.011048139072955
0.006925620604306
-0.003100371453911
-0.001841626362875
0.016006261110306
0.007567040622234
-0.004676367621869
0.002051654737443
0.003438440151513
0.002573057543486
0.007295810617507
-0.186157748103142
-0.191165640950203
0.146073579788208
0.135424852371216
-0.245102003216743
0.307796865701675
-0.248615413904190
0.146262586116791
0.321894466876984
-0.183868214488029
0.235404178500175
-0.154427573084831
0.198519453406334
0.197928130626678
0.291681736707687
0.423494219779968
0.008430395275354
-0.002056430093944
0.002986945211887
0.004469535779208
-0.001411178265698
-0.004314181860536
0.000316174264299
-0.003245210973546
-0.000253319332842
-0.003207613481209
0.003309093648568
0.005309225991368
0.006400917191058
-0.001217337441631
-0.005463694222271
0.002483154647052
-0.001388627337292
0.000484632095322
0.004274295177311
0.002963141771033
0.002270480617881
-0.000801719899755
0.000736173533369
0.003762536216527
0.000144121484482
-0.003369418671355
-0.000885074667167
-0.003973240032792
-0.000818525324576
0.001425671391189
-0.003099410329014
-0.001423399546184
0.005402873735875
-0.002151473425329
-0.002209767932072
0.006978409830481
0.004525024443865
0.007655647117645
-0.007897985167801
-0.006530156824738
0.001229596440680
0.010157839395106
0.002822359558195
-0.001590431435034
0.004141754470766
-0.002753618638963
0.003392787184566
-0.000677960517351
-0.003661698661745
-0.010033630765975
0.004029090050608
-0.013819332234561
0.012944071553648
0.006194786634296
0.016425294801593
-0.004232010804117
0.001129551790655
-0.010956332087517
0.004503965377808
-0.006680320948362
-0.013781790621579
-0.008959404192865
-0.011658205650747
0.009951723739505
