-0.004669189453
-0.0006561279297
-0.004821777344
3.051757812e-05
0.005432128906
-0.0007934570312
-0.004104614258
-0.004425048828
-0.01020812988
0.0003967285156
-0.007858276367
-0.001663208008
0.007354736328
0.00227355957
-0.0008850097656
-0.007446289062
-0.001373291016
-0.003707885742
0.006744384766
-0.005111694336
-0.007110595703
0.0001220703125
-0.005905151367
0.00048828125
-0.0006866455078
-0.006698608398
-0.008026123047
0.005310058594
-0.004745483398
-0.005432128906
-0.0005645751953
0.001281738281
-0.01069641113
-0.004730224609
-0.008575439453
-0.02305603027
0.009307861328
-0.01609802246
-0.008773803711
-0.003555297852
-0.003601074219
-0.01547241211
-0.01277160645
-0.008682250977
-0.01937866211
-0.006149291992
0.005569458008
0.007080078125
-0.005477905273
0.008911132812
-0.001159667969
-0.005508422852
0.01754760742
-0.0005493164062
-0.01243591309
0.0270690918
0.01504516602
0.02439880371
0.01890563965
-0.003570556641
0.005218505859
0.02746582031
-0.004959106445
-0.02398681641
0.00244140625
0.008148193359
0.003875732422
-0.01000976562
-0.01629638672
0.007675170898
0.00407409668
-0.005249023438
-0.004058837891
0.01225280762
0.004287719727
-0.007019042969
-0.0003814697266
0.0009002685547
-0.000244140625
0.00407409668
-0.1898651123
-0.1943817139
0.1438446045
0.1315460205
-0.2500152588
0.3053131104
-0.2530822754
0.1424560547
0.3197631836
-0.1884460449
0.2323913574
-0.1571044922
0.1954498291
0.1942749023
0.2888641357
0.4208526611
0.006591796875
-0.003982543945
0.001037597656
0.002655029297
-0.003387451172
-0.006271362305
-0.001556396484
-0.005172729492
-0.002197265625
-0.005172729492
0.001419067383
0.003463745117
0.004577636719
-0.003189086914
-0.007446289062
0.0005950927734
-0.003433227539
-0.00129699707
0.003295898438
0.001678466797
0.0008239746094
-0.002471923828
-0.001022338867
0.002593994141
-0.001480102539
-0.005416870117
-0.002807617188
-0.006072998047
-0.00260925293
-0.0001983642578
-0.005294799805
-0.003448486328
0.003189086914
-0.004180908203
-0.004318237305
0.004470825195
0.002349853516
0.00520324707
-0.009521484375
-0.008361816406
-0.0007934570312
0.007568359375
0.0004577636719
-0.003662109375
0.001831054688
-0.004577636719
0.00114440918
-0.002746582031
-0.007247924805
-0.01403808594
0.001235961914
-0.01823425293
0.01092529297
0.00341796875
0.01486206055
-0.007827758789
-0.001968383789
-0.01512145996
0.001907348633
-0.01028442383
-0.01818847656
-0.01292419434
-0.01582336426
0.007583618164
