0.008838812820613
0.019309364259243
-0.030503574758768
0.011938530020416
-0.020221995189786
0.000402401696192
0.022956466302276
-0.000432631844888
-0.028988718986511
0.018056608736515
-0.019039561972022
0.011026133783162
0.013989042490721
-0.007553000003099
0.017861181870103
-0.011696080677211
-0.311472207307816
0.336674749851227
0.127648964524269
-0.346422553062439
0.006012369412929
0.273513555526733
-0.125389844179153
0.336934119462967
0.366976469755173
0.032026138156652
0.028394294902682
0.106094337999821
0.213238164782524
-0.367495954036713
-0.090573839843273
0.002791375620291
0.001022131182253
-0.011939357966185
-0.003642572090030
-0.003927203826606
-0.004501962102950
0.000876020116266
0.003556009847671
0.001210401882418
0.005104694515467
0.002194004366174
0.004008968360722
-0.008903888054192
0.000626888417173
0.003242814913392
-0.000361202342901
-0.002485088072717
-0.000199713336769
-0.001879284856841
-0.000235067564063
-0.007340962998569
0.002108906162903
0.002101403428242
-0.004369768779725
-0.001856072572991
-0.010037306696177
-0.007346755824983
0.002292568329722
0.004965744912624
-0.005224335007370
-0.003436613129452
-0.004221294540912
-0.008767668157816
0.022144546732306
0.031099367886782
0.018978014588356
-0.006358172278851
0.024324838072062
0.017245549708605
-0.014306637458503
-0.027593191713095
-0.009566665627062
0.014367523603141
0.010982918553054
0.020657185465097
-0.007638207171112
-0.025888340547681
0.014748606830835
-0.000134581350721
-0.001338256988674
0.005129733588547
-0.000720117997844
-0.001191802206449
0.001791446469724
-0.006103386636823
0.004803088493645
-0.001784903695807
0.000646766566206
0.000826454954222
-0.010856503620744
-0.000731174601242
-0.007539522834122
0.006392851006240
-0.004116470925510
-0.021629514172673
0.002542174188420
0.000905608118046
0.005839158315212
-0.002337545389310
-0.002539904322475
0.001169035444036
-0.000431123073213
-0.001678514527157
0.005197738297284
-0.005153778009117
0.011394657194614
0.007483204361051
0.003284975420684
-0.000145836631418
-0.014336880296469
0.004698175005615
0.000440360832727
0.000175636625499
-0.001020994386636
0.000604769506026
0.001398544525728
0.002126738894731
-0.002150458982214
0.007140134461224
-0.001610284787603
-0.001966278068721
-0.005070316139609
-0.003937740810215
-0.005684893578291
0.000698540825397
0.004995464812964
-0.008956792764366
-0.014118294231594
0.013509089127183
0.006760213524103
0.003185005858541
-0.006767231971025
0.008220936171710
-0.018578309565783
0.007569147273898
-0.005149926524609
0.006116295233369
-0.002780957613140
0.006363602355123
0.019200699403882
-0.004667662084103
0.012615506537259
0.001763874432072
-0.000573391560465
-0.020497681573033
-0.008466126397252
0.003649062709883
0.004764652810991
-0.006741085089743
-0.001476802863181
-0.009465226903558
0.001667439239100
0.001069298246875
0.002233309671283
0.009308425709605
-0.001475909259170
-0.008705838583410
0.011726061813533
-0.008313846774399
