0.005157470703
0.01574707031
-0.03414916992
0.008224487305
-0.0237121582
-0.003280639648
0.01924133301
-0.004211425781
-0.03286743164
0.01422119141
-0.02264404297
0.007568359375
0.01019287109
-0.01161193848
0.0143737793
-0.01512145996
-0.3151855469
0.3341064453
0.1239776611
-0.350112915
0.002670288086
0.2704467773
-0.1291809082
0.3340148926
0.3641662598
0.0287322998
0.02488708496
0.1026611328
0.2107696533
-0.3712768555
-0.09428405762
-0.0008850097656
-0.001892089844
-0.01652526855
-0.007110595703
-0.006958007812
-0.007614135742
-0.002029418945
0.002807617188
-0.0008392333984
0.0029296875
-0.0003509521484
0.002075195312
-0.01281738281
-0.001449584961
0.001266479492
-0.002471923828
-0.004302978516
-0.0029296875
-0.004592895508
-0.002288818359
-0.01226806641
0.0005645751953
-0.0001983642578
-0.008407592773
-0.004653930664
-0.01550292969
-0.01220703125
3.051757812e-05
0.003402709961
-0.008804321289
-0.006484985352
-0.008117675781
-0.01304626465
0.01689147949
0.02520751953
0.01385498047
-0.009262084961
0.01892089844
0.0122833252
-0.01643371582
-0.02883911133
-0.01190185547
0.009521484375
0.006484985352
0.01531982422
-0.01028442383
-0.02719116211
0.01019287109
-0.003982543945
-0.004058837891
0.003616333008
-0.003616333008
-0.004333496094
-0.0005035400391
-0.01008605957
0.003036499023
-0.005004882812
-0.002258300781
-0.001571655273
-0.01553344727
-0.003356933594
-0.01171875
0.004592895508
-0.007736206055
-0.0281829834
0.0003814697266
-0.001190185547
0.003662109375
-0.004364013672
-0.004531860352
-0.0008544921875
-0.002502441406
-0.003768920898
0.003005981445
-0.007247924805
0.009201049805
0.005310058594
0.001113891602
-0.002182006836
-0.01625061035
0.002624511719
-0.001953125
-0.002380371094
-0.003067016602
-0.001495361328
-0.0008087158203
0.0007781982422
-0.00505065918
0.006011962891
-0.003860473633
-0.003845214844
-0.008285522461
-0.006072998047
-0.008499145508
-0.001754760742
0.003570556641
-0.01286315918
-0.01625061035
0.01037597656
0.003692626953
0.0001068115234
-0.009170532227
0.005142211914
-0.02030944824
0.004592895508
-0.007629394531
0.002990722656
-0.005615234375
0.003479003906
0.01571655273
-0.007034301758
0.009414672852
-0.001052856445
-0.003356933594
-0.02568054199
-0.01246643066
0.001525878906
0.002426147461
-0.01062011719
-0.004516601562
-0.01364135742
-0.001129150391
-0.001358032227
-0.0002136230469
0.008026123047
-0.004165649414
-0.0125579834
0.01042175293
-0.01231384277
