-0.004243689589
0.00751236314
-0.02434726991
-0.001441912958
-0.01638532244
0.01088360976
0.0004147583968
0.008329964243
-0.01716611162
-0.005716246087
-0.002085210988
0.01684157364
0.01617583074
-0.009621171281
0.01489126682
-0.009372157045
-0.3323586285
0.3302532732
0.1224567294
-0.3422106206
-0.005670448765
0.2747184932
-0.05468120798
0.3297001123
0.3558697999
0.04276671261
0.131925717
0.04467829689
0.1750466377
-0.3536226153
-0.09774234891
-0.05345203355
-0.003684943775
-0.01890986599
-0.01760021597
0.005508399103
-0.006392479409
-0.008986795321
0.005556142889
-0.01217155345
0.00986030791
-0.005320350174
0.007815847173
-0.01596011221
0.006424224935
0.01815035753
-0.009985734709
0.008921775036
0.004039946944
0.001509520342
0.01725536957
-0.02583063394
0.006951425225
0.01128352154
-0.007982588373
-0.003525706474
-0.01044541132
-0.023242658
0.005075846333
0.01182030421
-0.001680024201
-0.0121945478
-0.00293415878
-0.01393401437
0.002375040669
0.004826053511
0.004770053551
-0.004018194042
-0.01473863889
0.001907780417
-0.00502993213
-0.006753665861
0.004304258153
-0.001776956953
-0.005958688911
-0.001259289565
0.01325915754
-0.006306984462
-0.004245919641
0.007634245325
0.00062078872
0.002868220676
0.00282793981
-0.009069180116
0.001804792788
-0.003449923126
0.0008150552749
-0.003766609821
-0.0004350142262
0.01260194276
-0.005654748529
0.0006051367382
-0.00789304357
-0.01042723563
-0.002955803648
-0.0168704018
0.009760265239
0.005838971585
0.01319627557
-0.002463441808
0.0007985255215
-0.01468235068
-0.0007638297393
-0.000364079111
0.005205584224
0.01785288937
0.0061813551
-0.003252497409
-0.01026678644
-0.000403009326
-0.001710873563
0.005036300514
-0.0001820512844
-0.00403742725
0.002122619655
0.01301527023
-0.01057732292
0.02182940952
-0.006968994159
-0.009406697005
-0.006576437503
0.006054253317
0.001188155147
-0.006214804016
-0.002335066441
0.002313378034
0.008114798926
-0.007502432913
-0.008024198003
0.003665460041
0.003219356295
0.002582770539
-0.003365002805
-0.002079132944
0.006770450622
0.007343596313
-0.00604713615
-0.007198026869
0.0008795987815
0.010744703
0.009159018286
-0.008477936499
0.01163411234
0.002971696202
-0.009713412262
-0.01906896755
-0.003674361622
0.00722608529
-0.01688710228
-0.0103869671
-0.003228684654
-0.008328960277
-0.002561135218
0.005415509455
-0.02225933783
0.0102436021
0.006358746905
-0.02305103093
0.02221934684
-0.009334364906
