-0.003901625517756
0.000895020668395
-0.005897194147110
-0.008755980990827
0.012719773687422
0.000835567829199
-0.007725851610303
-0.019102647900581
-0.007087553385645
-0.008079903200269
0.003375875763595
0.002371811075136
0.002647687913850
-0.001561890589073
0.011467341333628
-0.005683089140803
-0.000308699934976
-0.000018240016288
-0.000217976048589
-0.000372830603737
0.002279816195369
0.000760579190683
0.000659868586808
0.001576574752107
0.001393589656800
0.005819804500788
-0.000514329294674
-0.000306720845401
0.002665590960532
-0.000367205531802
0.004043713212013
-0.000294865923934
-0.017440017312765
-0.009338187053800
-0.008087920024991
-0.002102604368702
0.013747618533671
-0.014679721556604
0.015887293964624
0.005002354271710
-0.009452278725803
-0.009391472674906
-0.008759265765548
-0.009657401591539
0.000349339767126
-0.020531063899398
0.006282495334744
0.013790849596262
0.001155476318672
-0.002590901451185
-0.002889951225370
0.000905386754312
0.001746705500409
-0.000539018597919
0.003616660134867
0.003337389789522
0.001598964096047
-0.000019820425223
-0.001468224101700
0.002230687066913
0.003842951264232
0.000859311840031
0.001456111553125
-0.003642446128651
0.004687294829637
0.002543553709984
0.000282786233583
-0.000727509555873
0.009632059372962
0.001535330200568
0.000016642617993
0.004141466692090
0.003374662715942
0.002380001824349
-0.003455753671005
0.008096723817289
0.001555701252073
-0.004971527494490
-0.000477228284581
-0.000950316025410
-0.002126498380676
0.002800033427775
-0.005793921183795
0.002513802377507
0.009435746818781
-0.000876581703778
0.003498736768961
-0.004285577218980
0.003899685805663
-0.003639679867774
0.001433974364772
0.003986464813352
0.001944426563568
0.000362675520591
0.000370835157810
-0.002608051756397
-0.011732572689652
0.008195031434298
0.001321803429164
0.010398705489933
0.000462200172478
-0.006500137969851
-0.001389009528793
0.000756214081775
-0.008047731593251
0.017505252733827
-0.005774513352662
0.021885208785534
-0.007433459628373
-0.001635109190829
0.012236363254488
0.007079724222422
-0.001807845663279
0.021206146106124
-0.018086882308125
-0.003911460284144
0.013656680472195
-0.002626324072480
0.020426485687494
-0.002974883653224
0.005364037584513
-0.010415608994663
0.003656802466139
0.000877172104083
0.003129318589345
0.009942226111889
0.023027811199427
0.006365340668708
-0.001968539552763
0.000437012407929
0.001237900927663
-0.001535985036753
0.000534735620022
0.001610570470802
-0.001404114416800
0.000735078530852
-0.000884004810359
0.000100628538348
0.000220911635552
0.002328094094992
0.000946135900449
0.000034527845855
-0.002173701766878
-0.000575962942094
0.209034591913223
-0.002417697804049
-0.267204761505127
0.298632383346558
-0.087486676871777
-0.286895722150803
-0.285964310169220
-0.260211020708084
-0.262758076190948
0.290112197399139
-0.173673316836357
0.297060847282410
0.300536155700684
-0.038931570947170
0.028765715658665
-0.302397578954697
