-0.00749206543
-0.002029418945
-0.009292602539
-0.01300048828
0.01181030273
-0.001968383789
-0.01188659668
-0.02461242676
-0.01086425781
-0.01235961914
0.001205444336
-0.0001220703125
-0.0003051757812
-0.00505065918
0.0100402832
-0.00895690918
-0.001342773438
-0.001190185547
-0.001358032227
-0.001403808594
0.0008392333984
-0.0005187988281
-0.0005798339844
0.0001678466797
3.051757812e-05
0.003921508789
-0.001571655273
-0.001434326172
0.001174926758
-0.001373291016
0.002380371094
-0.001403808594
-0.02670288086
-0.01574707031
-0.01518249512
-0.006439208984
0.01231384277
-0.02336120605
0.01763916016
0.001907348633
-0.01704406738
-0.01666259766
-0.01481628418
-0.01599121094
-0.002853393555
-0.02877807617
0.004318237305
0.0149230957
-0.0001678466797
-0.00407409668
-0.004379272461
-0.0004425048828
0.0003662109375
-0.001937866211
0.002319335938
0.001953125
0.0002746582031
-0.001388549805
-0.002868652344
0.0009155273438
0.002471923828
-0.0005493164062
0.0001068115234
-0.005142211914
0.002563476562
0.0005493164062
-0.001373291016
-0.00227355957
0.006958007812
-0.0002746582031
-0.001602172852
0.002090454102
0.001434326172
0.00048828125
-0.004867553711
0.005615234375
-0.0001678466797
-0.006072998047
-0.00212097168
-0.002548217773
-0.00390625
0.001251220703
-0.007934570312
0.0006256103516
0.008056640625
-0.0029296875
0.001937866211
-0.006423950195
0.002014160156
-0.00553894043
-0.0005035400391
0.002487182617
-1.525878906e-05
-0.001586914062
-0.00163269043
-0.004760742188
-0.01414489746
0.005157470703
-0.001541137695
0.007446289062
-0.002105712891
-0.008895874023
-0.004058837891
-0.002014160156
-0.0106048584
0.0142364502
-0.00830078125
0.01852416992
-0.009902954102
-0.004165649414
0.009262084961
0.004272460938
-0.004989624023
0.01602172852
-0.01907348633
-0.006774902344
0.009231567383
-0.004760742188
0.01533508301
-0.005920410156
0.002151489258
-0.01179504395
0.0001678466797
-0.001266479492
0.0004119873047
0.005615234375
0.01783752441
0.002700805664
-0.003799438477
-0.0007781982422
0.000244140625
-0.003402709961
-0.0005645751953
0.0007171630859
-0.003021240234
-0.0004272460938
-0.002395629883
-0.001281738281
-0.001129150391
0.001647949219
-0.0001831054688
-0.001205444336
-0.004165649414
-0.002090454102
0.2051849365
-0.005569458008
-0.2701568604
0.2949371338
-0.09072875977
-0.2900238037
-0.2884521484
-0.2634277344
-0.2659454346
0.2865447998
-0.1760406494
0.2937469482
0.2968139648
-0.0421295166
0.02543640137
-0.3053436279
