0.003441489767283
0.004512042272836
-0.014170850627124
0.000599820981734
0.005282061174512
-0.017651962116361
0.009063762612641
0.013780636712909
-0.004618666134775
0.011057554744184
-0.007682662457228
0.000920725346077
0.011128121986985
0.008059870451689
-0.000259016989730
-0.003085885662585
-0.009145742282271
-0.003971432335675
0.027401452884078
-0.021931620314717
-0.002909392351285
0.013067659921944
-0.017721930518746
0.019912587478757
0.013535659760237
-0.016955794766545
0.018936611711979
0.008003522641957
-0.028037985786796
-0.020216532051563
0.032209463417530
-0.021487232297659
-0.254552245140076
-0.128955096006393
-0.243512630462646
-0.150365218520164
-0.066369421780109
-0.312235802412033
0.250970155000687
0.042715970426798
-0.324083805084229
-0.232285425066948
-0.281464338302612
-0.004759961273521
-0.095267325639725
-0.112268663942814
-0.107899792492390
0.242181986570358
0.008547822013497
0.007686555851251
0.001457060337998
0.007201584521681
-0.029017435386777
0.007957343012094
0.007517146412283
0.005592815112323
0.013548003509641
0.012581722810864
0.005387057084590
0.002922501182184
-0.012272219173610
0.013842425309122
0.010193838737905
-0.012874757871032
-0.011472807265818
0.003538904245943
-0.012193380855024
0.009753908962011
-0.021612811833620
-0.002734282519668
0.002820722758770
-0.005635112058371
0.000526676769368
-0.011205305345356
-0.002843697555363
-0.016550416126847
-0.015247479081154
0.009549416601658
-0.024381041526794
0.024064570665359
-0.008409139700234
0.006505738943815
-0.007430075667799
-0.003876515198499
-0.004520518705249
0.005480073858052
0.000667711778078
0.014855737797916
0.002518168650568
0.003880609292537
-0.009577858261764
0.023056780919433
0.000790044781752
-0.008051889948547
-0.004192769061774
0.003733536228538
0.010695951990783
0.001998184248805
-0.003490900853649
0.000741749245208
0.007343802135438
-0.019056389108300
-0.000849248492159
-0.005217691883445
-0.005876572337002
0.000911413982976
-0.001898659509607
0.015862628817558
-0.005648438818753
-0.004537973552942
0.008826599456370
-0.001330143306404
0.006664649583399
0.002395175863057
0.006047497969121
0.005027657840401
-0.009580280631781
-0.007708455435932
-0.001697192783467
-0.006848395336419
-0.004880641121417
0.001215893891640
0.005547375883907
-0.011339030228555
0.012000326998532
0.013282055035233
-0.006224006880075
0.011966893449426
-0.004626144655049
0.006432331632823
-0.011633722111583
0.015561684034765
-0.005621550604701
0.002235501771793
-0.003760104533285
0.001485090702772
0.000032765427022
0.002390921581537
-0.005978612229228
-0.004408014006913
-0.002656249795109
0.006682355888188
-0.004939532838762
-0.001684801070951
0.001944635063410
0.000982649391517
-0.006694668903947
0.005106376018375
-0.013711284846067
-0.006273297127336
-0.002943820552900
-0.008928140625358
-0.011073140427470
0.010208792984486
-0.002412813948467
0.008734130300581
0.007620213087648
0.003533956594765
-0.009686537086964
-0.005070128012449
