0.0005493164062
0.001647949219
-0.01667785645
-0.002258300781
0.002670288086
-0.02017211914
0.006103515625
0.01084899902
-0.007369995117
0.008071899414
-0.01026916504
-0.001846313477
0.008209228516
0.005096435547
-0.003021240234
-0.005645751953
-0.01251220703
-0.00830078125
0.02284240723
-0.02528381348
-0.006866455078
0.008605957031
-0.02188110352
0.01541137695
0.008911132812
-0.02110290527
0.01483154297
0.00358581543
-0.03204345703
-0.02351379395
0.0285949707
-0.02601623535
-0.2687835693
-0.138168335
-0.2545928955
-0.1519012451
-0.07258605957
-0.3226318359
0.254119873
0.03318786621
-0.3335266113
-0.2438812256
-0.2827301025
-0.01765441895
-0.09454345703
-0.1196289062
-0.1044769287
0.244140625
0.005905151367
0.004028320312
-0.002517700195
0.004608154297
-0.0326385498
0.005432128906
0.0048828125
0.001800537109
0.01097106934
0.009902954102
0.002853393555
0.000244140625
-0.01599121094
0.01000976562
0.00764465332
-0.01654052734
-0.01707458496
-0.0008392333984
-0.01789855957
0.007659912109
-0.02865600586
-0.007385253906
-0.0001373291016
-0.00944519043
-0.002471923828
-0.01693725586
-0.00764465332
-0.02299499512
-0.02018737793
0.007720947266
-0.0313873291
0.02264404297
-0.01098632812
0.004241943359
-0.0106048584
-0.007141113281
-0.007080078125
0.002334594727
-0.001770019531
0.01206970215
-0.0006408691406
0.001235961914
-0.0131072998
0.02122497559
-0.002288818359
-0.0114440918
-0.007614135742
0.0003051757812
0.008453369141
-0.0006866455078
-0.00651550293
-0.001922607422
0.005172729492
-0.02276611328
-0.003646850586
-0.008285522461
-0.009078979492
-0.001861572266
-0.004699707031
0.01388549805
-0.008712768555
-0.007461547852
0.006790161133
-0.004043579102
0.004302978516
-3.051757812e-05
0.003524780273
0.002471923828
-0.01226806641
-0.01062011719
-0.004165649414
-0.00959777832
-0.007736206055
-0.001388549805
0.003112792969
-0.01434326172
0.009674072266
0.01103210449
-0.008987426758
0.009643554688
-0.007446289062
0.004379272461
-0.01531982422
0.01422119141
-0.008483886719
-0.0002288818359
-0.006439208984
-0.001052856445
-0.002365112305
-0.0001525878906
-0.009292602539
-0.007415771484
-0.005645751953
0.004959106445
-0.008056640625
-0.004531860352
-0.0005035400391
-0.001846313477
-0.01086425781
0.003189086914
-0.01864624023
-0.01042175293
-0.006469726562
-0.01344299316
-0.01579284668
0.009063720703
-0.005661010742
0.007476806641
0.006072998047
0.001007080078
-0.01388549805
-0.009017944336
