0
0
0
0
0
0
0
0
0
0
0
0
0
0
0
0
0
0
0
0
0
0
0
0
0
0
0
0
0
0
0
0
0
0
0
0
0
0
0
0
0
0
0
0
0
0
0
0
0
0
0
0
0
0
0
0
0
0
0
0
0
0
0
0
0
0
0
0
0
0
0
0
0
0
0
0
0
0
0
0
0
0
0
0
0
0
0
0
0
0
0
0
0
0
0
0
0
0
0
0
0
0
0
0
0
0
0
0
0
0
0
0
0
0
0
0
0
0
0
0
0
0
0
0
0
0
0
0
0
0
0
0
0
0
0
0
0
0
0
0
0
0
0
0
0
0
0
0
0
0
0.1960784346
0.8784313798
0
0
0
0
0
0
0
0.2745098174
0.1137254909
0
0
0
0
0
0
0
0
0
0
0
0
0
0
0
0
0
0.4745098054
0.9058823586
0
0
0
0
0
0
0
0.5803921819
0.6588235497
0
0
0
0
0
0
0
0
0
0
0
0
0
0
0
0
0.01568627544
0.7647058964
0.9058823586
0
0
0
0
0
0
0
0.3764705956
0.8235294223
0.04313725606
0
0
0
0
0
0
0
0
0
0
0
0
0
0
0
0.270588249
0.9882352948
0.5254902244
0
0
0
0
0
0
0
0.4470588267
0.9882352948
0.08235294372
0
0
0
0
0
0
0
0
0
0
0
0
0
0
0.1764705926
0.9254902005
0.850980401
0.04705882445
0
0
0
0
0
0
0
0.7529411912
0.9882352948
0.08235294372
0
0
0
0
0
0
0
0
0
0
0
0
0
0
0.6588235497
0.9686274529
0.2078431398
0
0
0
0
0
0
0
0.07058823854
1
0.9921568632
0.08235294372
0
0
0
0
0
0
0
0
0
0
0
0
0
0.3294117749
0.9490196109
0.8274509907
0
0
0
0
0
0
0
0
0.5529412031
0.9921568632
0.741176486
0.01960784383
0
0
0
0
0
0
0
0
0
0
0
0
0
0.6627451181
0.9882352948
0.4156862795
0
0
0
0
0
0
0
0.1254902035
0.9098039269
0.980392158
0.2588235438
0
0
0
0
0
0
0
0
0
0
0
0
0
0.05882352963
0.8823529482
0.9882352948
0
0
0
0
0
0
0
0
0.5254902244
0.9882352948
0.8274509907
0
0
0
0
0
0
0
0
0
0
0
0
0
0
0.08627451211
0.9882352948
0.6431372762
0
0
0
0
0
0
0
0
0.6627451181
0.9882352948
0.6549019814
0
0
0
0
0
0
0
0
0
0
0
0
0
0
0.03529411927
0.8000000119
0.8196078539
0.07058823854
0
0
0
0
0
0
0.08627451211
0.9921568632
0.9921568632
0.4196078479
0
0
0
0
0
0
0
0
0
0
0
0
0
0
0
0.6627451181
0.9882352948
0.78039217
0.3333333433
0.3333333433
0.3333333433
0.3333333433
0.5058823824
0.6431372762
0.7647058964
0.9882352948
0.9882352948
0.4156862795
0
0
0
0
0
0
0
0
0
0
0
0
0
0
0
0.160784319
0.6666666865
0.9607843161
0.9882352948
0.9882352948
0.9882352948
0.9882352948
0.9098039269
0.9058823586
0.9843137264
0.9882352948
0.9882352948
0.03529411927
0
0
0
0
0
0
0
0
0
0
0
0
0
0
0
0
0
0.1921568662
0.3294117749
0.3294117749
0.3294117749
0.3294117749
0
0
0.631372571
0.9882352948
0.9882352948
0
0
0
0
0
0
0
0
0
0
0
0
0
0
0
0
0
0
0
0
0
0
0
0
0
0.4980392158
0.9882352948
0.9882352948
0.1764705926
0
0
0
0
0
0
0
0
0
0
0
0
0
0
0
0
0
0
0
0
0
0
0
0
0.501960814
0.9921568632
0.9921568632
0
0
0
0
0
0
0
0
0
0
0
0
0
0
0
0
0
0
0
0
0
0
0
0
0
0.4980392158
0.9882352948
0.9882352948
0
0
0
0
0
0
0
0
0
0
0
0
0
0
0
0
0
0
0
0
0
0
0
0
0
0.5294117928
0.9882352948
0.9568627477
0
0
0
0
0
0
0
0
0
0
0
0
0
0
0
0
0
0
0
0
0
0
0
0
0
0.9098039269
0.9254902005
0.4352941215
0
0
0
0
0
0
0
0
0
0
0
0
0
0
0
0
0
0
0
0
0
0
0
0
0
0.7019608021
0.2588235438
0
0
0
0
0
0
0
0
0
0
0
0
0
0
0
0
0
0
0
0
0
0
0
0
0
0
0
0
0
0
0
0
0
0
0
0
0
0
0
0
0
0
0
0
0
0
0
0
0
0
0
0
0
0
0
0
0
0
0
0
0
0
0
0
0
0
0
0
0
0
0
0
0
0
0
0
0
0
0
0
0
0
0
0
0
0
0
0
0
0
0
0
0
0
