-0.0138604762
-0.01367910206
0.002363673877
-0.02686211281
0.008762695827
-0.02491291799
-0.02652330138
0.05187591165
0.01805061102
-0.01284438651
-0.001667979755
0.02425211668
-0.008665422909
-0.006430215202
0.02307007276
0.01889882609
0.01214502659
-0.0169778876
-0.0003163282527
0.01760268025
0.01644830965
-0.009862520732
-0.002887724433
-0.01750073396
-0.01599604636
0.008422626182
0.007878899574
0.003994319588
-0.008183768019
0.01865543053
0.004384601489
-0.003397387452
-0.003002030775
-0.001755383681
-0.0001735491096
-0.001669099787
0.001864429913
-0.0007166060968
0.002053558594
0.001639141236
-0.0006909240619
0.0005527604371
-0.007493282203
0.001128546661
-0.0008855361375
-0.006871943828
-0.002922191517
0.002387898974
-0.00345437997
-0.001358542242
0.01165612787
0.005034327507
0.003409068333
-0.001425351831
-0.00445666723
0.01032374799
-0.00967353303
-0.002026528353
-0.002619376173
-0.002150611719
-0.002246404532
0.0006736366195
-0.0007810332463
0.006434334442
-0.2695535123
-0.2063621581
-0.2497152537
0.05922359228
-0.08452742547
-0.3047847748
0.2596292496
0.2360043526
0.3467565775
-0.3215878308
-0.1910661906
-0.2999284565
0.1505134553
0.2853817046
-0.08617506176
-0.1592279822
-0.0001794605341
-0.006409884896
0.001083348645
0.002986744512
9.32939729e-05
-0.003273696639
-0.01126726717
-0.001657807734
0.009611098096
-0.00758064026
0.0121699404
-0.00446074456
-0.00273454329
0.01338581275
0.00179327256
0.003889246611
0.004973793402
-0.006768571679
-0.007550503127
-0.006767588668
0.002103301464
0.01302463561
-0.007719106972
-0.003858831245
-0.002922831103
0.008008621633
0.004304965027
0.002984145191
-0.007596792653
0.01184585132
0.008352225646
0.01028795633
0.0002672930714
0.01099933777
-0.0002442219702
0.007160292938
0.01482426655
0.006958077196
0.01464642212
0.001315543312
0.0009598062607
-0.007703535724
0.001217936166
-0.01333614904
-0.00602624286
0.01334452722
-0.003357358044
0.004199350718
-0.006235884037
0.000328828959
-0.006151061039
0.006476288661
-0.00174238265
0.002040518913
-0.01945436001
0.007662598509
-0.006177790929
0.008279919624
0.003040204057
0.006712022703
0.003564727958
-0.008095145226
0.0108231362
0.004531505052
-0.007327772211
-0.005140060093
-0.0004651063064
0.001620344585
0.008064008318
-0.004000551533
0.001909790328
0.0002625165798
0.001561629935
-0.002495337278
-0.004901900422
0.001349305967
0.0006453578826
-0.002681303304
0.0005648666993
-0.006518160459
