-0.001425966388
0.003513339208
-0.0167320706
-0.001148233656
-0.008860507049
0.001949624973
0.004105702974
0.002279652515
-0.0147354519
0.002749762265
-0.001489492133
0.01344209444
0.005823785905
-0.007095480338
0.01420355123
-0.0005281487247
-0.3223969936
0.343334496
0.1065045968
-0.3388519883
-0.055506479
0.2649244964
-0.0620030649
0.3261223137
0.3602824509
0.03573147953
0.09810219705
0.04391022772
0.2239051312
-0.356195271
-0.1512645483
-0.03768016025
-0.01181699336
-0.03314741701
-0.02944607288
0.005080255214
-0.009623629972
-0.01334348973
0.01716735959
-0.01206548419
0.008795987815
-0.003795188386
0.01415263396
-0.02719691209
0.01214005612
0.01296493504
-0.002344237408
0.01171455346
-0.005190047901
-0.003183916677
0.013984886
-0.01931565441
0.009676047601
0.005439091474
-0.01331216935
0.00480230758
-0.01608219557
-0.01880397461
0.001018412993
0.007218068
-0.00353467837
-0.01317245513
-0.01064334065
-0.01290022768
0.003361579264
0.01517346036
0.00523433974
0.001417364576
-0.007749537006
0.00119147962
-0.003233359195
-0.008463414386
0.00807360094
-0.00477595441
-0.001751330914
0.003970929887
0.006019049324
-0.008925166912
-0.00207077805
-0.0002196313435
0.00206237263
0.004294098355
-0.001437308849
-0.002854632912
0.003162114648
-0.007049985696
0.006648150738
-0.003579880577
-0.00498585077
0.006469372194
-0.009832811542
0.0007477970794
-0.005947683938
-0.008838915266
-0.004142185673
-0.02065777965
0.0037644119
0.003967502154
0.01806359366
-0.006706647575
0.0007559197838
-0.01149841212
-0.0007198805106
-0.0007898589829
0.01206810959
0.005141206086
0.01362221874
-0.002167568775
-0.001439867308
-0.001305125304
-0.01542682014
-0.001187812886
-0.009220140986
-0.001802203595
-0.003354032058
0.003913746681
-0.001698188833
0.02205162495
-0.002578227781
-0.00116553437
-0.004258350935
-0.00197236333
0.003425630741
0.000833341619
-0.002385180909
-0.002537601627
0.009331430309
-0.006767526735
-0.003877660492
-0.001718979795
0.005597930867
0.000315219193
0.002029191703
0.001422571135
0.007863174193
0.003805863671
-0.001301168115
-0.01476041228
-0.001340171089
0.007456323598
0.002412745031
-0.005422299262
0.006570178084
-0.001241884194
-0.007536112797
-0.0108390376
-0.001722422079
0.002159988973
-0.005584442988
-0.002509509912
0.0005618000869
-0.002342328895
0.003897513729
-0.001373167266
-0.006080647465
0.002378417877
-0.0009278824436
-0.01029789355
0.01123789977
-0.003765845438
