0
0
0
0
0
0
0
0
0
0
0
0
0
0
0
0
0
0
0
0
0
0
0
0
0
0
0
0
0
0
0
0
0
0
0
0
0
0
0
0
0
0
0
0
0
0
0
0
0
0
0
0
0
0
0
0
0
0
0
0
0
0
0
0
0
0
0
0
0
0
0
0
0
0
0
0
0
0
0
0
0
0
0
0
0
0
0
0
0
0
0
0
0
0
0
0
0
0
0
0
0
0
0
0
0
0
0
0
0
0
0
0
0
0
0
0
0
0
0
0
0
0
0
0
0
0
0
0
0
0
0
0
0
0
0
0
0
0
0
0
0
0
0
0
0
0
0
0
0
0
0
0
0
0
0
0
0
0
0
0
0
0
0
0
0
0
0
0
0
0
0
0
0
0
0
0
0
0
0
0
0
0
0
0
0
0
0
0
0
0
0
0
0
0
0
0
0
0
0
0
0
0
0
0
0
0
0
0
0
0.1411764771
0.2196078449
0.5372549295
0.7882353067
0.78039217
0.3725490272
0.1450980455
0
0
0
0
0
0
0
0
0
0
0
0
0
0
0
0
0
0
0
0.1764705926
0.5960784554
0.9176470637
0.9960784316
0.9960784316
0.9960784316
0.9960784316
0.9960784316
0.980392158
0.8274509907
0.5921568871
0.02352941222
0
0
0
0
0
0
0
0
0
0
0
0
0
0
0.180392161
0.6000000238
0.9411764741
0.9960784316
0.9960784316
0.890196085
0.650980413
0.521568656
0.9843137264
0.7843137383
0.9960784316
0.8980392218
0.8823529482
0.4078431427
0
0
0
0
0
0
0
0
0
0
0
0
0
0.6000000238
0.9176470637
0.9960784316
0.9960784316
0.7333333492
0.5568627715
0.03137255087
0
0
0.7490196228
0.1568627506
0.7764706016
0.9647058845
0.8745098114
0.9921568632
0.08235294372
0
0
0
0
0
0
0
0
0
0
0.03137255087
0.4941176474
0.9921568632
0.9960784316
0.9137254953
0.501960814
0.04313725606
0
0
0
0
0.8235294223
0.1686274558
0.2745098174
0.9960784316
0.9960784316
0.9960784316
0.08235294372
0
0
0
0
0
0
0
0
0
0
0.2823529541
0.9529411793
0.9960784316
0.8941176534
0.2117647082
0
0
0
0
0.01176470611
0.1254902035
0.4549019635
0.8823529482
0.9490196109
0.9960784316
1
0.6352941394
0.01960784383
0
0
0
0
0
0
0
0
0
0
0.2941176593
0.9411764741
0.9960784316
0.8745098114
0.4274509847
0.5411764979
0.6980392337
0.6980392337
0.6627451181
0.8235294223
0.9843137264
0.9058823586
0.9960784316
0.9960784316
0.9960784316
0.9098039269
0.1490196139
0
0
0
0
0
0
0
0
0
0
0
0.03529411927
0.6862745285
0.9568627477
0.9921568632
1
0.9960784316
0.9960784316
0.9843137264
0.9960784316
0.9960784316
0.9960784316
0.9960784316
0.9960784316
0.9882352948
0.6705882549
0.09803921729
0
0
0
0
0
0
0
0
0
0
0
0
0
0
0.06274510175
0.5333333611
0.7647058964
0.6901960969
0.5725490451
0.6000000238
0.7843137383
0.9960784316
0.9960784316
0.9960784316
0.9960784316
0.5882353187
0.06274510175
0
0
0
0
0
0
0
0
0
0
0
0
0
0
0
0
0
0
0
0
0
0.6352941394
0.9960784316
0.9960784316
0.9450980425
0.3882353008
0.01176470611
0
0
0
0
0
0
0
0
0
0
0
0
0
0
0
0
0
0
0
0
0
0.4627451003
0.980392158
0.9960784316
0.9960784316
0.3529411852
0
0
0
0
0
0
0
0
0
0
0
0
0
0
0
0
0
0
0
0
0
0
0.3921568692
0.9490196109
0.9960784316
0.9960784316
0.8274509907
0.02745098062
0
0
0
0
0
0
0
0
0
0
0
0
0
0
0
0
0
0
0
0
0
0.2117647082
0.9450980425
0.9960784316
0.9960784316
0.9490196109
0.2313725501
0
0
0
0
0
0
0
0
0
0
0
0
0
0
0
0
0
0
0
0
0
0
0.5137255192
0.9960784316
0.9960784316
0.9568627477
0.250980407
0
0
0
0
0
0
0
0
0
0
0
0
0
0
0
0
0
0
0
0
0
0
0.05098039284
0.9764705896
0.9960784316
0.9960784316
0.5960784554
0
0
0
0
0
0
0
0
0
0
0
0
0
0
0
0
0
0
0
0
0
0
0.04705882445
0.8941176534
0.9960784316
0.9960784316
0.8156862855
0.03137255087
0
0
0
0
0
0
0
0
0
0
0
0
0
0
0
0
0
0
0
0
0
0
0.3058823645
1
0.9960784316
0.9960784316
0.2588235438
0
0
0
0
0
0
0
0
0
0
0
0
0
0
0
0
0
0
0
0
0
0
0
0.8196078539
0.9960784316
0.9960784316
0.5372549295
0
0
0
0
0
0
0
0
0
0
0
0
0
0
0
0
0
0
0
0
0
0
0
0
0.890196085
1
0.9137254953
0.09803921729
0
0
0
0
0
0
0
0
0
0
0
0
0
0
0
0
0
0
0
0
0
0
0
0
0.4431372583
1
0.4235294163
0
0
0
0
0
0
0
0
0
0
0
0
0
0
0
0
0
0
0
0
0
0
0
0
0
0
0
0
0
0
0
0
0
0
0
0
0
0
0
0
0
0
0
0
