-0.003857359523
0.00281413598
-0.009238573723
-0.02094206586
0.04461695626
-0.01641325653
-0.01294835284
-0.01914184541
-0.0009602673235
-0.0007788343355
0.003661035094
0.005525294226
0.003411193378
-0.001754764235
0.01082579046
-0.0105471611
-0.008715347387
0.01243535709
-0.008859260008
-0.01037142519
-0.005086793099
0.007224902045
-0.005927093327
0.01270425878
0.008215354756
0.004503318109
-0.01016608067
-0.008100841194
0.005326678511
-0.00894552283
0.01819354109
-0.004694009665
-0.002455514157
0.003295324044
0.00457144808
0.001588098705
0.00585694937
0.0008650169475
0.003066993086
-0.0002202464384
-0.001663123025
0.00229204935
-0.001994734397
-0.003392018145
0.00515521178
-0.0005674729473
0.003330476582
-0.0006803835277
0.001649627346
-0.001011641696
0.002995155519
-0.0001283132879
-0.001667367294
-0.0007534175529
-0.001768603921
0.001248790184
0.001519230776
-0.0002438768424
-0.0003325653088
0.00247441628
-0.0003634410095
-0.003089327365
-0.001249642111
-0.002781859599
0.006674719974
0.01189138182
-0.009187724441
0.01385398395
-0.0003151991987
0.005713731516
0.006487532519
0.007243182976
-0.003266019048
0.01031073742
-0.005039613694
0.00726396963
0.01329454966
-0.02259314246
-0.002908349736
-0.007869693451
-0.006706063636
-0.0001532167807
0.01304187905
0.007789263502
0.01243847329
0.0005558917182
-0.01141289342
-0.01085141767
-0.002384823048
0.01198107284
0.004935238045
0.008439166471
-0.00174165389
0.009521527216
-0.00036472184
0.01012874953
-0.005570278037
0.01702739112
0.002710533561
0.01171962079
0.005832430441
-0.029354278
-0.001024798839
-0.006901612505
0.007152690087
0.02159251459
0.0005933000939
-0.005729353055
-0.001737595652
-0.005795448087
0.00280887261
0.001701758825
0.01604745537
0.0211057663
0.0001747481583
0.007269700523
0.01865620166
-0.005070930813
0.02612777799
-0.003397699445
0.005909150932
-0.01279762574
0.009968318976
-0.002792181214
0.003651451319
0.00907041505
0.007487084717
0.001795467222
-0.007869987749
-0.003400100628
0.003524282947
-0.01431513298
0.0001501647348
-0.0169694908
0.0269824136
0.001625247765
-0.005296240095
-0.02335173264
-0.025142828
0.004222290125
-0.01975979842
-0.005986599717
0.0101807965
-0.004616860766
0.08326422423
0.09247047454
-0.2165893018
0.2940149009
-0.1055331901
-0.3031180501
-0.2787309587
-0.2347771376
-0.2797902524
0.3105134964
-0.08491609246
0.3007017374
0.3399368525
-0.04344773665
0.03878288344
-0.3141237795
