0.010218857787549
-0.001688833348453
-0.002179819159210
-0.000952283269726
0.001400600885972
-0.001298034680076
-0.003282667370513
-0.018252398818731
-0.013592160306871
0.003111585276201
-0.001458577462472
-0.008390503004193
0.002956454176456
0.008975077420473
-0.006655992008746
0.001777192810550
-0.002665568375960
-0.003346781712025
0.026199847459793
-0.015187487937510
-0.007185479626060
0.008346031419933
0.003964212723076
0.013428937643766
0.013550661504269
-0.017364216968417
0.001378329470754
0.016835272312164
-0.011429562233388
-0.016176298260689
-0.007798154372722
0.000350663176505
0.011059677228332
-0.024972196668386
0.031175836920738
-0.016312574967742
-0.018783068284392
0.006517386063933
-0.000656191783492
0.014682849869132
-0.014656511135399
0.013133135624230
-0.013616451993585
0.015896186232567
-0.016935843974352
0.007900046184659
-0.023810403421521
-0.025435646995902
-0.000166669749888
-0.000588908616919
-0.005213886965066
0.004611044190824
-0.011600624769926
0.003083007177338
-0.008950421586633
-0.011665949597955
0.000909405353013
-0.000394565955503
0.001994579797611
0.005099739879370
-0.003517050528899
-0.006436505354941
-0.004687436390668
-0.007874901406467
0.023830810561776
-0.003681497415528
0.010528547689319
0.026619961485267
0.015881421044469
0.017731344327331
-0.007651877589524
-0.016157167032361
-0.012584727257490
0.022998722270131
-0.044660117477179
0.017824631184340
-0.042291689664125
-0.011879967525601
0.025289492681623
0.022549200803041
-0.000881079118699
0.003671637736261
0.023451641201973
-0.014886395074427
-0.009268388152122
0.000536349078175
-0.003311549546197
0.002922813408077
0.005229825153947
0.003147775540128
-0.015627054497600
0.006183637771755
-0.014759080484509
0.001717162551358
-0.000162032811204
-0.015927463769913
-0.005640395916998
0.001664472976699
-0.003957231529057
0.003545695217326
-0.004375223536044
0.004056011326611
0.006905707996339
0.006249799858779
-0.002575796330348
-0.001050008344464
-0.011429762467742
0.001935018808581
-0.010228431783617
-0.007407524157315
0.006809465121478
-0.006535540334880
-0.319378703832626
-0.271261960268021
0.147015452384949
-0.108446262776852
-0.246096968650818
0.344159007072449
-0.249646276235580
-0.229002967476845
0.126020595431328
0.195791587233543
-0.172682642936707
0.295102775096893
0.177040234208107
-0.315167695283890
-0.194910675287247
-0.200273573398590
0.009370030835271
-0.010699540376663
0.009231939911842
0.009802108630538
0.011736475862563
0.011159717105329
-0.002940151840448
-0.008400683291256
0.007870181463659
0.012981487438083
-0.013129019178450
-0.002510708523914
0.015080248005688
0.023808175697923
-0.006615005899221
-0.016036126762629
0.001692832331173
-0.004797579254955
0.000003374329253
0.004950955510139
0.002356188138947
0.001512599759735
-0.005059682764113
0.002189463470131
0.003234574105591
0.003065837547183
-0.005086581222713
0.000886684749275
0.003175209974870
0.000026506255381
0.006422616075724
-0.001948202843778
