0.008728027344
-0.004623413086
-0.005279541016
-0.003845214844
-0.001129150391
-0.004135131836
-0.006576538086
-0.0235748291
-0.01821899414
0.0006256103516
-0.004486083984
-0.01240539551
0.0005187988281
0.007263183594
-0.01039123535
-0.0008087158203
-0.005279541016
-0.006774902344
0.0224609375
-0.0177154541
-0.01039123535
0.004669189453
0.0007781982422
0.009719848633
0.009735107422
-0.02062988281
-0.001922607422
0.01322937012
-0.01460266113
-0.01864624023
-0.01104736328
-0.003067016602
0.006195068359
-0.03144836426
0.02780151367
-0.02195739746
-0.02467346191
0.001480102539
-0.003036499023
0.01217651367
-0.0209197998
0.0087890625
-0.01943969727
0.01271057129
-0.0223236084
0.003387451172
-0.02941894531
-0.02952575684
-0.002990722656
-0.003311157227
-0.008804321289
0.002624511719
-0.01658630371
0.0009307861328
-0.01368713379
-0.0168762207
-0.001754760742
-0.003433227539
-0.0004425048828
0.003356933594
-0.006958007812
-0.01045227051
-0.008483886719
-0.01214599609
0.01940917969
-0.008499145508
0.006240844727
0.02247619629
0.01113891602
0.01329040527
-0.01170349121
-0.02017211914
-0.01649475098
0.01850891113
-0.0489654541
0.01316833496
-0.04591369629
-0.01574707031
0.02067565918
0.0178527832
-0.003845214844
0.001327514648
0.02247619629
-0.01992797852
-0.01309204102
-0.003051757812
-0.006622314453
-0.0005340576172
0.002044677734
0.0006408691406
-0.02076721191
0.003890991211
-0.01988220215
-0.001571655273
-0.003799438477
-0.02131652832
-0.009185791016
-0.0006561279297
-0.007278442383
0.001602172852
-0.007583618164
0.002105712891
0.005401611328
0.004623413086
-0.005706787109
-0.003753662109
-0.01577758789
-0.0003356933594
-0.01435852051
-0.01107788086
0.005493164062
-0.01007080078
-0.3215332031
-0.2757568359
0.1430358887
-0.1121673584
-0.2499084473
0.3374938965
-0.2544250488
-0.2311553955
0.1214141846
0.1936187744
-0.1764373779
0.2921600342
0.1727294922
-0.318939209
-0.1976776123
-0.2041625977
0.006057739258
-0.01341247559
0.005661010742
0.005981445312
0.008438110352
0.007507324219
-0.005462646484
-0.01126098633
0.004608154297
0.009140014648
-0.01611328125
-0.005447387695
0.01121520996
0.02020263672
-0.00959777832
-0.01864624023
0
-0.006500244141
-0.001754760742
0.003265380859
0.0006713867188
-0.0002136230469
-0.006805419922
0.0004730224609
0.001525878906
0.001373291016
-0.0068359375
-0.0008392333984
0.00146484375
-0.001739501953
0.004745483398
-0.003692626953
