0.013966479338706
0.019277451559901
-0.022216483950615
0.004461405798793
-0.035829763859510
0.016044883057475
0.007379993796349
-0.005917775910348
-0.026707092300057
-0.002683317288756
-0.011016949079931
0.016455309465528
0.000363008672139
-0.010326117277145
0.008237622678280
-0.008096668869257
-0.321167200803757
0.335354030132294
0.123937360942364
-0.348377019166946
0.013555555604398
0.275690346956253
-0.040489733219147
0.344407111406326
0.363727182149887
0.128115311264992
-0.030513027682900
0.099327124655247
0.249237582087517
-0.363956779241562
-0.020228313282132
-0.008638492785394
-0.004254308529198
-0.021089958027005
0.000168795522768
-0.007275983691216
-0.006360082887113
-0.001045873621479
0.006632098462433
0.014972423203290
0.000329573289491
0.000276411941741
0.002328851725906
-0.006800673902035
-0.005734496749938
-0.004536038264632
-0.000885335670318
-0.002549504861236
0.018087523058057
0.004045731853694
0.015347069129348
-0.026671214029193
0.027219571173191
-0.006970770191401
-0.011987757869065
0.009374842979014
-0.020138399675488
-0.018477873876691
0.006754082627594
0.031011829152703
0.010243829339743
0.000269566895440
-0.015114248730242
-0.012640038505197
0.014721576124430
0.010119713842869
0.007344357203692
-0.008635473437607
0.030731104314327
0.016948735341430
0.000598444545176
-0.020793592557311
-0.015300993807614
0.021435687318444
0.020026976242661
0.000984682119451
0.012556608766317
-0.016893906518817
0.012692857533693
0.005045133177191
0.008466878905892
0.007946327328682
0.002792294602841
-0.011433056555688
0.021244108676910
-0.019046954810619
0.005717928055674
-0.010174313560128
-0.008292985148728
0.004789644386619
-0.017250658944249
0.004044314846396
-0.024374293163419
-0.006956395693123
-0.011208074167371
-0.051426619291306
0.000097711796116
-0.002159382449463
0.003765801200643
0.000333635078277
-0.002099072095007
0.004749660380185
0.000361311511369
-0.000637191522401
0.000351691385731
-0.008250677026808
0.004528393968940
0.002771557075903
0.002210969803855
-0.000585562898777
-0.004502827301621
0.000101053934486
0.001979825552553
0.006290367338806
-0.001978931715712
0.000790767779108
-0.003860630793497
0.001634774380364
0.004764894954860
-0.002812238410115
-0.008261327631772
0.000558013212867
-0.004638071637601
-0.009969228878617
0.002116338582709
0.008242608048022
0.005621678661555
-0.006477768532932
-0.005952834151685
-0.001948210527189
0.021033056080341
-0.009983450174332
0.001557251787744
0.010138663463295
0.005330246407539
-0.004268735181540
0.004572236444801
-0.013150137849152
-0.014005386270583
-0.005277067888528
-0.021184986457229
-0.003797950688750
0.015283923596144
-0.008895518258214
-0.006009931676090
-0.003371028695256
0.003463379340246
0.001273185480386
-0.004769729916006
0.002785884542391
0.000096251344075
0.001133106648922
0.006828851066530
-0.002069880720228
-0.007730067707598
-0.001061146846041
-0.001637177076191
-0.013415645807981
0.007901486009359
0.000951419060584
