0.01081848145
0.01655578613
-0.02687072754
0.0009155273438
-0.04103088379
0.01315307617
0.003890991211
-0.01008605957
-0.03173828125
-0.006591796875
-0.01507568359
0.01348876953
-0.003463745117
-0.01463317871
0.004821777344
-0.01200866699
-0.3249664307
0.3332366943
0.1204681396
-0.3521728516
0.01039123535
0.2730102539
-0.04376220703
0.3419036865
0.3612518311
0.1253356934
-0.03410339355
0.09606933594
0.2471618652
-0.3678131104
-0.02355957031
-0.01220703125
-0.009674072266
-0.02861022949
-0.004135131836
-0.01188659668
-0.01086425781
-0.005844116211
0.006774902344
0.01489257812
-0.004272460938
-0.004013061523
-0.001235961914
-0.0113067627
-0.009780883789
-0.008987426758
-0.003723144531
-0.004241943359
0.01475524902
0.0006713867188
0.01237487793
-0.03150939941
0.02453613281
-0.01112365723
-0.01623535156
0.005981445312
-0.02453613281
-0.02299499512
0.002807617188
0.02774047852
0.006927490234
-0.003067016602
-0.01943969727
-0.01629638672
0.009902954102
0.005523681641
0.003158569336
-0.01095581055
0.02462768555
0.01193237305
-0.00212097168
-0.02188110352
-0.01676940918
0.01608276367
0.0147857666
-0.0029296875
0.008697509766
-0.01817321777
0.008377075195
0.001174926758
0.005844116211
0.005630493164
-0.001098632812
-0.01751708984
0.01965332031
-0.02601623535
0.00276184082
-0.01606750488
-0.0140838623
0.001724243164
-0.02394104004
0.001037597656
-0.03189086914
-0.01225280762
-0.01728820801
-0.06214904785
-0.001647949219
-0.004196166992
0.002319335938
-0.001419067383
-0.004028320312
0.003448486328
-0.001419067383
-0.002487182617
-0.001449584961
-0.01086425781
0.003265380859
0.001235961914
0.0006713867188
-0.002395629883
-0.006713867188
-0.00163269043
-0.0005035400391
0.004043579102
-0.004135131836
-0.001556396484
-0.006866455078
-4.577636719e-05
0.00244140625
-0.005599975586
-0.01106262207
-0.001083374023
-0.00749206543
-0.01239013672
0.0002899169922
0.006149291992
0.003555297852
-0.009613037109
-0.009521484375
-0.005310058594
0.01927185059
-0.01446533203
-0.001419067383
0.007553100586
0.003051757812
-0.007766723633
0.001907348633
-0.0178527832
-0.01878356934
-0.008834838867
-0.02642822266
-0.007125854492
0.01309204102
-0.01293945312
-0.009185791016
-0.006240844727
0.001556396484
-0.0008239746094
-0.0078125
0.0007934570312
-0.002197265625
-0.001098632812
0.005432128906
-0.004653930664
-0.01112365723
-0.003524780273
-0.004257202148
-0.01768493652
0.006744384766
-0.001235961914
