0.004254696890712
0.000007530005860
-0.007323004771024
0.005813941359520
-0.002570764161646
0.010946951806545
0.000097738426120
-0.009109370410442
-0.014313388615847
0.010247397236526
0.005437589250505
-0.005114223342389
0.008202040567994
0.002402549842373
-0.000486257835291
-0.001197246252559
0.000427730497904
0.007923868484795
-0.009891190566123
0.007826643064618
-0.004785518161952
0.001595141133294
-0.012445956468582
-0.006098033860326
-0.007351533509791
0.003263712860644
-0.001876962953247
0.000494865525980
0.009666343219578
0.008193694986403
0.002941804239526
-0.007993834093213
-0.012349021621048
0.012118265032768
-0.012179900892079
0.002232929226011
-0.020707637071609
-0.004729237873107
0.019668232649565
0.020906966179609
0.045578632503748
0.001266347360797
-0.013271673582494
-0.007946842350066
-0.008072750642896
-0.022141430526972
-0.027975421398878
0.028182212263346
0.001176776248030
0.001476968871430
0.014021315611899
-0.024337803944945
0.045106910169125
-0.011484444141388
-0.019931117072701
0.008352634496987
-0.028869284316897
-0.022716663777828
-0.028821650892496
0.014335333369672
0.029402816668153
0.023853596299887
0.007989702746272
0.031507931649685
0.002122617326677
-0.009681085124612
0.002787468023598
0.008075356483459
-0.002531035570428
0.003778051817790
-0.003647568635643
-0.001936908927746
-0.003343079006299
0.000715909060091
-0.000813759223092
-0.000153133936692
0.000828041287605
-0.005148868076503
0.004226248245686
0.000952681468334
0.002796318847686
0.014515914022923
-0.029002739116549
0.005279909353703
0.018141822889447
-0.012186190113425
0.007050525397062
-0.004342012107372
-0.011965373530984
-0.002550791017711
-0.017406735569239
0.025754041969776
0.007074874825776
0.013855673372746
-0.028439765796065
-0.011415324173868
-0.001331718871370
-0.015425246208906
0.000666488020215
-0.010464855469763
0.001370997400954
0.012239657342434
-0.006559949368238
-0.001429341617040
0.016514487564564
-0.015483214519918
0.012037499807775
0.013239007443190
0.000978395692073
0.011598885990679
0.000096045492683
0.011191679164767
-0.293134450912476
-0.276407480239868
0.121224194765091
-0.208712786436081
-0.294335514307022
0.248556703329086
-0.262551337480545
-0.253759860992432
0.024143315851688
0.285053998231888
-0.167820319533348
0.254522800445557
0.218286231160164
-0.255661875009537
-0.127048194408417
-0.218709617853165
-0.004113918170333
0.002715500304475
0.004467640537769
-0.016717290505767
0.000782505841926
-0.008882845751941
0.003931806888431
0.001112068304792
0.008437376469374
-0.005859805736691
-0.005408895667642
-0.002641756320372
-0.004417469259351
0.015523108653724
-0.003419677494094
-0.011338614858687
-0.008034666068852
-0.001138593652286
-0.001693355967291
-0.003031875938177
0.000612611882389
-0.000688058673404
-0.003451914293692
0.011118717491627
0.003634206950665
0.002646659500897
0.007654063403606
-0.000447562197223
-0.001000097719952
-0.005844769068062
-0.010422311723232
-0.001329544116743
