0.001846313477
-0.002502441406
-0.009963989258
0.003433227539
-0.005096435547
0.008834838867
-0.002517700195
-0.01202392578
-0.01741027832
0.007949829102
0.003158569336
-0.007858276367
0.005889892578
-7.629394531e-05
-0.003082275391
-0.003677368164
-0.001876831055
0.005905151367
-0.01382446289
0.00634765625
-0.007904052734
-0.00114440918
-0.01631164551
-0.009613037109
-0.01103210449
0.0009002685547
-0.004806518555
-0.00227355957
0.008026123047
0.006744384766
0.0005950927734
-0.01153564453
-0.01875305176
0.007446289062
-0.01811218262
-0.002502441406
-0.02632141113
-0.01071166992
0.01800537109
0.01788330078
0.04150390625
-0.00407409668
-0.0189666748
-0.01257324219
-0.01272583008
-0.0280456543
-0.033203125
0.02662658691
-0.002319335938
-0.003570556641
0.008270263672
-0.02694702148
0.03846740723
-0.01429748535
-0.02255249023
0.002944946289
-0.03125
-0.02546691895
-0.03117370605
0.01045227051
0.02336120605
0.01795959473
0.004333496094
0.02554321289
0.0003509521484
-0.01324462891
0.001083374023
0.007080078125
-0.005096435547
0.002212524414
-0.006271362305
-0.004333496094
-0.005920410156
-0.001281738281
-0.003204345703
-0.002334594727
-0.001083374023
-0.007888793945
0.002532958984
-0.001113891602
-0.0003967285156
0.01231384277
-0.0347442627
0.00114440918
0.01580810547
-0.01745605469
0.004058837891
-0.009002685547
-0.01728820801
-0.006195068359
-0.0230255127
0.02404785156
0.003158569336
0.01031494141
-0.03468322754
-0.01702880859
-0.00422668457
-0.01815795898
-0.002349853516
-0.01318359375
-0.001510620117
0.009231567383
-0.009338378906
-0.004333496094
0.01333618164
-0.01821899414
0.009017944336
0.01013183594
-0.001968383789
0.008605957031
-0.002624511719
0.008239746094
-0.2961273193
-0.2814025879
0.1175231934
-0.2103424072
-0.2972717285
0.2434539795
-0.2678375244
-0.2555084229
0.02157592773
0.2803344727
-0.1721191406
0.2525482178
0.2124328613
-0.2616424561
-0.1321411133
-0.2226257324
-0.007369995117
-1.525878906e-05
0.001831054688
-0.02220153809
-0.001831054688
-0.01316833496
0.001922607422
-0.001770019531
0.006774902344
-0.009979248047
-0.009506225586
-0.005950927734
-0.008209228516
0.01495361328
-0.006958007812
-0.01596069336
-0.0114440918
-0.003631591797
-0.004287719727
-0.005798339844
-0.001708984375
-0.003219604492
-0.006195068359
0.0100402832
0.001617431641
0.0005950927734
0.006332397461
-0.002807617188
-0.003479003906
-0.008987426758
-0.01411437988
-0.003936767578
