-0.000642696570139
0.000198275243747
-0.003156871069223
-0.000761731585953
0.001399454311468
0.009130810387433
-0.001003881334327
-0.008122686296701
-0.003216398414224
0.001463592052460
-0.002653507748619
0.001583648845553
0.007675004657358
0.003449148731306
0.001224758801982
-0.000503401679453
0.001792997238226
0.009562449529767
-0.015916069969535
0.012933905236423
0.014058429747820
0.001455918420106
-0.004128812346607
-0.010504174977541
-0.014818342402577
0.023699466139078
-0.010910321958363
0.003608070081100
0.012033696286380
0.014356958679855
0.016442207619548
0.003889519022778
-0.000009591166418
0.003020995296538
0.000220362620894
0.007438375614583
-0.005736214108765
-0.000516389845870
0.007116828579456
0.006262942217290
-0.001277202391066
0.001247200067155
-0.001431944197975
-0.005117626860738
-0.003632116131485
-0.002408963395283
0.003043675329536
0.005173226352781
-0.007186027243733
-0.000572199816816
-0.000603283173405
0.001475682947785
0.020234480500221
-0.011000364087522
-0.004896356258541
0.003895275527611
-0.022221829742193
-0.004131676163524
-0.012545247562230
0.002138901269063
0.027453258633614
-0.002188513753936
-0.004848656710237
0.002213739091530
0.001253141555935
-0.009450766257942
-0.003601078409702
0.000798934546765
0.002454333472997
0.000430575484643
-0.000450537714642
-0.002110568573698
-0.001105111557990
-0.001279404386878
0.006591985002160
-0.003029444022104
0.004375085700303
-0.000165728677530
-0.002678307471797
-0.005014312919229
0.019980652257800
0.022219985723495
0.008960735052824
-0.006903068162501
0.021832237020135
-0.025997141376138
0.008331574499607
-0.021317109465599
-0.021866053342819
0.002374864416197
0.001085435738787
0.023277809843421
-0.011962107382715
0.019970607012510
-0.029257738962770
-0.005797363817692
0.010538028553128
0.000677631935105
-0.002802933100611
-0.005952200852334
-0.002053930889815
-0.002542303642258
0.000534968450665
0.004049309995025
-0.002356155076995
0.007204180583358
0.002011082600802
0.016865286976099
0.005226267501712
-0.003998431377113
-0.008779518306255
-0.001897267065942
-0.223990872502327
-0.254111617803574
0.149943798780441
-0.217491969466209
-0.333825320005417
0.236162096261978
-0.258453607559204
-0.264854192733765
-0.095456846058369
0.272567719221115
-0.125380516052246
0.195308580994606
0.244019448757172
-0.231266111135483
-0.184965640306473
-0.215401038527489
-0.002634462667629
-0.000644911429845
-0.012868243269622
-0.011840496212244
0.000548934913240
-0.007313256617635
0.000857745646499
0.000434452929767
0.003532043891028
-0.006119363475591
-0.014903465285897
-0.000627697154414
-0.001528239576146
0.011454051360488
-0.004350763745606
-0.007601960096508
-0.003237300552428
-0.007194335572422
0.002218861598521
0.002743417397141
0.000900099577848
-0.001272906083614
-0.011463852599263
0.007949453778565
-0.001864288002253
0.012027329765260
-0.007085232995450
0.001082688919269
0.008432453498244
-0.001318889204413
0.001423928420991
-0.000965342624113
