-0.002624511719
-0.001754760742
-0.005294799805
-0.002777099609
-0.0004730224609
0.007751464844
-0.003051757812
-0.01062011719
-0.005401611328
-0.0004119873047
-0.004745483398
-0.0002746582031
0.006134033203
0.001586914062
-0.0006866455078
-0.002471923828
-0.0009155273438
0.005996704102
-0.01902770996
0.009994506836
0.01065063477
-0.002105712891
-0.007064819336
-0.01377868652
-0.01797485352
0.01991271973
-0.01382446289
0.0001525878906
0.008636474609
0.01136779785
0.01292419434
0.00048828125
-0.002395629883
0.0009155273438
-0.002044677734
0.005599975586
-0.008163452148
-0.002914428711
0.005905151367
0.004730224609
-0.003677368164
-0.0009765625
-0.003677368164
-0.007293701172
-0.005828857422
-0.004730224609
0.001098632812
0.003799438477
-0.01068115234
-0.003952026367
-0.003936767578
-0.001571655273
0.01780700684
-0.01454162598
-0.008270263672
0.0006866455078
-0.02632141113
-0.007522583008
-0.01622009277
-0.0009002685547
0.02534484863
-0.005615234375
-0.008163452148
-0.0009613037109
-0.0006866455078
-0.01365661621
-0.006454467773
-0.001083374023
0.0005950927734
-0.001647949219
-0.00260925293
-0.004608154297
-0.003372192383
-0.003753662109
0.005599975586
-0.005889892578
0.003219604492
-0.002212524414
-0.005401611328
-0.008255004883
0.01710510254
0.01962280273
0.005355834961
-0.01159667969
0.01893615723
-0.03132629395
0.004959106445
-0.02647399902
-0.02705383301
-0.001174926758
-0.003387451172
0.02058410645
-0.01675415039
0.01631164551
-0.03471374512
-0.0107421875
0.008193969727
-0.001678466797
-0.005187988281
-0.008255004883
-0.004302978516
-0.004837036133
-0.00178527832
0.001708984375
-0.00471496582
0.004867553711
-0.0002899169922
0.01448059082
0.002838134766
-0.006256103516
-0.01095581055
-0.004150390625
-0.2297058105
-0.2606506348
0.1455535889
-0.2197570801
-0.3360748291
0.2311401367
-0.2648162842
-0.2667694092
-0.09521484375
0.2683410645
-0.1310119629
0.1956329346
0.237197876
-0.2389221191
-0.1895904541
-0.2193908691
-0.00602722168
-0.003936767578
-0.01876831055
-0.01774597168
-0.002136230469
-0.01205444336
-0.001571655273
-0.00260925293
0.001480102539
-0.0107421875
-0.02131652832
-0.003875732422
-0.005172729492
0.01112365723
-0.008392333984
-0.01234436035
-0.005706787109
-0.01000976562
-0.0001373291016
0.0006866455078
-0.001373291016
-0.003890991211
-0.01458740234
0.005905151367
-0.004470825195
0.01057434082
-0.009902954102
-0.001022338867
0.006744384766
-0.003799438477
-0.0007476806641
-0.003509521484
